:chr 1
:ExpectedMaleRecPerMeiosisArm1 = 0.125
:ExpectedMaleRecPerMeiosisArm2 = 0
:ExpectedFemaleRecPerMeiosisArm1 = 0.625
:ExpectedFemaleRecPerMeiosisArm2 = 0
	male	male_accumulative	female	female_accumulative	Male_recombination_fraction	Female_recombination_fraction	Avg_recombination_fraction	Kosambi_male_interval	Kosambi_male_pos	Kosambi_female_interval	Kosambi_female_pos	Kosambi_both_interval	Kosambi_both_pos
927.9668801	0.1026023677	0.1026023677	0.05262593413	0.05262593413	0.01282529597	0.03289120883	0.0228582524	0.01282810989	0.01282810989	0.03293877606	0.03293877606	0.02287419697	0.02287419697
8204.538146	0.01180010517	0.1144024729	0.07037410863	0.1230000428	0.001475013146	0.04398381789	0.02272941552	0.001475017425	0.01430312732	0.04409780098	0.07703657704	0.02274509178	0.04561928875
23852.34489	0.08633711952	0.2007395924	0.05131578736	0.1743158301	0.01079213994	0.0320723671	0.02143225352	0.01079381636	0.02509694368	0.03211646377	0.1091530408	0.02144539431	0.06706468306
25608.19361	0.07317122913	0.2739108216	0.02218700231	0.1965028324	0.009146403642	0.01386687644	0.01150664004	0.009147424057	0.03424436773	0.01387043337	0.1230234742	0.01150867204	0.07857335509
25780.76298	0.08798900081	0.3618998224	0.04835066361	0.244853496	0.0109986251	0.03021916476	0.02060889493	0.01100039962	0.04524476735	0.03025604038	0.1532795146	0.0206205777	0.09919393279
29673.23024	0.05373829795	0.4156381203	0.04628161501	0.291135111	0.006717287244	0.02892600938	0.01782164831	0.006717691417	0.05196245877	0.02895834473	0.1822378593	0.01782920121	0.117023134
32610.62267	0.08697083288	0.5026089532	0.08085141303	0.3719865241	0.01087135411	0.05053213314	0.03070174363	0.01087306772	0.06283552649	0.05070524009	0.2329430994	0.03074041698	0.147763551
32841.66452	0.04067658028	0.5432855335	0.06403982108	0.4360263452	0.005084572535	0.04002488818	0.02255473036	0.005084747813	0.0679202743	0.04011071111	0.2730538105	0.02257004766	0.1703335986
36798.59421	0.06057727729	0.6038628108	0.05979626417	0.4958226093	0.007572159661	0.0373726651	0.02247241238	0.007572738634	0.07549301294	0.03744249801	0.3104963085	0.02248756245	0.1928211611
37843.39243	0.02591277989	0.6297755906	0.07058501139	0.5664076207	0.003239097486	0.04411563212	0.0236773648	0.003239142799	0.07873215574	0.04423064629	0.3547269548	0.02369508725	0.2165162484
40324.11805	0.04848521822	0.6782608089	0.03030003588	0.5967076566	0.006060652278	0.01893752243	0.01249908735	0.006060949127	0.08479310486	0.01894658564	0.3736735404	0.01250169193	0.2290179403
41426.76282	0.08131697718	0.7595777861	0.06164798107	0.6583556377	0.01016462215	0.03852998817	0.02434730516	0.01016602277	0.09495912763	0.03860652783	0.4122800683	0.02436657641	0.2533845167
66270.79014	0.04679450827	0.8063722943	0.02864507768	0.6870007153	0.005849313533	0.01790317355	0.01187624354	0.005849580397	0.100808708	0.01791083063	0.4301908989	0.01187847775	0.2652629944
68230.96213	0.02758476092	0.8339570552	0.03024298028	0.7172436956	0.003448095115	0.01890186267	0.01117497889	0.003448149778	0.1042568578	0.01891087476	0.4491017737	0.01117684016	0.2764398346
75523.63638	0.009305321212	0.8432623765	0.04883448225	0.7660781779	0.001163165152	0.03052155141	0.01584235828	0.00116316725	0.1054200251	0.03055954681	0.4796613205	0.01584766297	0.2922874976
78413.36544	0.03236612296	0.8756284994	0.05743423638	0.8235124143	0.004045765369	0.03589639774	0.01997108155	0.004045853669	0.1094658787	0.03595826164	0.5156195821	0.0199817122	0.3122692098
84943.68739	0.0486848139	0.9243133133	0.06487601256	0.8883884268	0.006085601738	0.04054750785	0.02331655479	0.006085902268	0.115551781	0.0406367458	0.5562563279	0.02333347864	0.3356026884
88822.67823	0.0399641835	0.9642774968	0.04478843637	0.9331768632	0.004995522938	0.02799277273	0.01649414783	0.004995689167	0.1205474702	0.02802207453	0.5842784024	0.01650013487	0.3521028233
98934.27593	0	0.9642774968	0.06682313681	1	0	0.0417644605	0.02088223025	0	0.1205474702	0.04186200049	0.6261404029	0.02089438439	0.3729972077
99846.52339	0.03572250318	1	0	1	0.004465312898	0	0.002232656449	0.004465431616	0.1250129018	0	0.6261404029	0.002232671288	0.375229879
:chr 2
:ExpectedMaleRecPerMeiosisArm1 = 0.125
:ExpectedMaleRecPerMeiosisArm2 = 0
:ExpectedFemaleRecPerMeiosisArm1 = 0.625
:ExpectedFemaleRecPerMeiosisArm2 = 0
	male	male_accumulative	female	female_accumulative	Male_recombination_fraction	Female_recombination_fraction	Avg_recombination_fraction	Kosambi_male_interval	Kosambi_male_pos	Kosambi_female_interval	Kosambi_female_pos	Kosambi_both_interval	Kosambi_both_pos
2763.759625	0.08212677271	0.08212677271	0.04007183111	0.04007183111	0.01026584659	0.02504489444	0.01765537052	0.01026728948	0.01026728948	0.0250658718	0.0250658718	0.01766271387	0.01766271387
9331.061881	0.02791603288	0.1100428056	0.07549651176	0.1155683429	0.003489504111	0.04718531985	0.02533741198	0.003489560766	0.01375685024	0.04732614775	0.07239201955	0.02535913376	0.04302184762
12783.82871	0.0914590587	0.2015018643	0.06928383355	0.1848521764	0.01143238234	0.04330239597	0.02736738915	0.01143437524	0.02519122548	0.04341114742	0.115803167	0.02739476833	0.07041661596
13487.02321	0.0705398007	0.272041665	0.06170922833	0.2465614047	0.008817475087	0.03856826771	0.0236928714	0.008818389311	0.03400961479	0.03864503627	0.1544482032	0.02371062872	0.09412724468
13587.126	0.03572476198	0.307766427	0.04896270746	0.2955241122	0.004465595247	0.03060169216	0.0175336437	0.004465713987	0.03847532878	0.03063998809	0.1850881913	0.01754083614	0.1116680808
14465.63686	0.04927416631	0.3570405933	0.03391377169	0.3294378839	0.006159270789	0.02119610731	0.01367768905	0.006159582366	0.04463491114	0.02120881819	0.2062970095	0.01368110233	0.1253491831
17526.70585	0.04544684322	0.4024874365	0.0529099452	0.3823478291	0.005680855403	0.03306871575	0.01937478558	0.005681099866	0.05031601101	0.03311705864	0.2394140682	0.01938449159	0.1447336747
24155.47181	0.04141632281	0.4439037593	0.08217765739	0.4645254865	0.005177040351	0.05136103587	0.02826903811	0.005177225368	0.05549323638	0.05154283915	0.2909569073	0.02829921718	0.1730328919
24930.20125	0.01956477203	0.4634685313	0.0316045029	0.4961299894	0.002445596504	0.01975281431	0.01109920541	0.002445616007	0.05793885238	0.01976309998	0.3107200073	0.01110102906	0.184133921
32189.87422	0.007836815334	0.4713053467	0.02693786831	0.5230678577	0.0009796019167	0.01683616769	0.008907884805	0.0009796031701	0.05891845555	0.01684253512	0.3275625424	0.008908827444	0.1930427484
34414.27244	0.1276837374	0.598989084	0.0619573076	0.5850251653	0.01596046717	0.03872331725	0.02734189221	0.01596589144	0.07488434699	0.03880101765	0.3663635601	0.02736919485	0.2204119433
37554.63415	0.02695476942	0.6259438535	0.03864365602	0.6236688213	0.003369346178	0.02415228501	0.0137608156	0.00336939718	0.07825374417	0.02417109645	0.3905346565	0.01376429151	0.2341762348
39537.29888	0.05852069427	0.6844645477	0.06199277767	0.685661599	0.007315086783	0.03874548604	0.02303028641	0.007315608762	0.08556935294	0.03882332029	0.4293579768	0.02304659401	0.2572228288
41613.39278	0.04661611257	0.7310806603	0.03004688953	0.7157084885	0.005827014071	0.01877930596	0.01230316001	0.005827277894	0.09139663083	0.01878814378	0.4481461206	0.01230564398	0.2695284728
48322.42059	0	0.7310806603	0.05422270446	0.769931193	0	0.03388919029	0.01694459514	0	0.09139663083	0.03394122842	0.482087349	0.01695108645	0.2864795592
49963.12342	0.06044920786	0.7915298681	0.05390991088	0.8238411039	0.007556150983	0.0336936943	0.02062492264	0.00755672629	0.09895335712	0.03374483541	0.5158321844	0.02063663271	0.3071161919
62189.9477	0.06555192607	0.8570817942	0.03838827734	0.8622293812	0.008193990759	0.02399267334	0.01609333205	0.00819472442	0.1071480815	0.02401111394	0.5398432983	0.01609889297	0.3232150849
63416.72952	0.07410626101	0.9311880552	0.03540884877	0.89763823	0.009263282627	0.02213053048	0.01569690655	0.009264342668	0.1164124242	0.02214499903	0.5619882974	0.01570206641	0.3389171513
90016.34488	0.0365318263	0.9677198815	0.09026300461	0.9879012346	0.004566478288	0.05641437788	0.03049042809	0.004566605259	0.1209790295	0.05665561437	0.6186439117	0.0305283072	0.3694454585
95226.44961	0.03228011846	1	0.01209876543	1	0.004035014808	0.007561728393	0.0057983716	0.004035102405	0.1250141319	0.007562304976	0.6262062167	0.005798631552	0.3752440901
:chr 3
:ExpectedMaleRecPerMeiosisArm1 = 0.125
:ExpectedMaleRecPerMeiosisArm2 = 0
:ExpectedFemaleRecPerMeiosisArm1 = 0.625
:ExpectedFemaleRecPerMeiosisArm2 = 0
	male	male_accumulative	female	female_accumulative	Male_recombination_fraction	Female_recombination_fraction	Avg_recombination_fraction	Kosambi_male_interval	Kosambi_male_pos	Kosambi_female_interval	Kosambi_female_pos	Kosambi_both_interval	Kosambi_both_pos
4286.319904	0.05718005704	0.05718005704	0.03520029961	0.03520029961	0.00714750713	0.02200018725	0.01457384719	0.007147994048	0.007147994048	0.02201440147	0.02201440147	0.01457797655	0.01457797655
8167.093949	0.05727496611	0.1144550232	0.02903811001	0.06423840962	0.007159370764	0.01814881875	0.01265409476	0.00715986011	0.01430785416	0.01815679553	0.040171197	0.01265679747	0.02723477402
27790.60538	0.07894203687	0.19339706	0.0610181852	0.1252565948	0.009867754609	0.03813636575	0.02400206018	0.00986903604	0.0241768902	0.03821057811	0.0783817751	0.02402052246	0.05125529648
31507.22782	0.03093637711	0.2243334371	0.02696134977	0.1522179446	0.003867047139	0.01685084361	0.01035894537	0.003867124245	0.02804401444	0.01685722771	0.09523900281	0.01036042788	0.06161572436
32899.34314	0	0.2243334371	0.05625597379	0.2084739184	0	0.03515998362	0.01757999181	0	0.02804401444	0.03521811035	0.1304571132	0.01758724146	0.07920296582
36918.34129	0.07415315467	0.2984865918	0.01894248434	0.2274164027	0.009269144334	0.01183905271	0.01055409852	0.009270206389	0.03731422083	0.01184126599	0.1422983792	0.01055566642	0.08975863224
41332.1084	0.03530649267	0.3337930845	0.03697544393	0.2643918466	0.004413311584	0.02310965246	0.01376148202	0.004413426202	0.04172764704	0.02312612938	0.1654245085	0.01376495844	0.1035235907
45958.814	0.05354709079	0.3873401753	0.05704944037	0.321441287	0.006693386348	0.03565590023	0.02117464329	0.006693786222	0.04842143326	0.0357165265	0.201141035	0.02118731557	0.1247109062
49617.87208	0.02528571616	0.4126258914	0.095619703	0.41706099	0.00316071452	0.05976231438	0.03146151445	0.003160756623	0.05158218988	0.06004936984	0.2611904049	0.0315031353	0.1562140416
56899.08105	0.06693545461	0.479561346	0.04667746253	0.4637384525	0.008366931826	0.02917341408	0.01877017295	0.008367712933	0.05994990281	0.02920658739	0.2903969923	0.01877899788	0.1749930394
58014.71595	0.08145264159	0.5610139876	0	0.4637384525	0.0101815802	0	0.005090790099	0.01018298784	0.07013289065	0	0.2903969923	0.005090966022	0.1800840055
58449.11665	0.06312058461	0.6241345722	0.06797973692	0.5317181895	0.007890073076	0.04248733557	0.02518870433	0.007890728085	0.07802361874	0.04259004361	0.3329870359	0.0252100455	0.2052940509
64091.63687	0.03372751575	0.657862088	0.009060646685	0.5407788361	0.004215939469	0.005662904178	0.004939421823	0.004216039386	0.08223965812	0.005663146331	0.3386501822	0.004939582515	0.2102336335
64803.70697	0.0580447253	0.7159068133	0.07186902697	0.6126478631	0.007255590662	0.04491814186	0.02608686626	0.007256100007	0.08949575813	0.04503956854	0.3836897508	0.02611057533	0.2363442088
69176.21422	0.03777404619	0.7536808595	0.04893500306	0.6615828662	0.004721755774	0.03058437691	0.01765306634	0.004721896143	0.09421765428	0.03062260778	0.4143123585	0.01766040682	0.2540046156
71134.44966	0.04970490141	0.8033857609	0.05405836488	0.7156412311	0.006213112676	0.03378647805	0.01999979536	0.006213432497	0.1004310868	0.03383804359	0.4481504021	0.02001047195	0.2740150876
71546.84303	0.06801674025	0.8714025011	0.05611579621	0.7717570273	0.008502092531	0.03507237263	0.02178723258	0.008502912111	0.1089339989	0.03513006507	0.4832804672	0.0218010377	0.2958161253
82607.41559	0.05668187633	0.9280843775	0.09257864709	0.8643356744	0.007085234541	0.05786165443	0.03247344448	0.007085708841	0.1160197077	0.05812204209	0.5414025093	0.03251921912	0.3283353444
88410.37856	0.02335355608	0.9514379335	0.08523168313	0.9495673575	0.00291919451	0.05326980196	0.02809449823	0.002919227679	0.1189389354	0.05347273544	0.5948752447	0.02812412105	0.3564594654
93648.30301	0.04856206647	1	0.05043264251	1	0.006070258308	0.03152040157	0.01879532994	0.006070556571	0.125009492	0.03156225695	0.6264375017	0.01880419041	0.3752636558
:chr 4
:ExpectedMaleRecPerMeiosisArm1 = 0.125
:ExpectedMaleRecPerMeiosisArm2 = 0
:ExpectedFemaleRecPerMeiosisArm1 = 0.625
:ExpectedFemaleRecPerMeiosisArm2 = 0
	male	male_accumulative	female	female_accumulative	Male_recombination_fraction	Female_recombination_fraction	Avg_recombination_fraction	Kosambi_male_interval	Kosambi_male_pos	Kosambi_female_interval	Kosambi_female_pos	Kosambi_both_interval	Kosambi_both_pos
8640.071194	0.01782659266	0.01782659266	0.03570847839	0.03570847839	0.002228324083	0.02231779899	0.01227306154	0.002228338836	0.002228338836	0.02233263826	0.02233263826	0.01227552732	0.01227552732
11196.20968	0.03336245711	0.05118904977	0.0484135676	0.08412204599	0.004170307139	0.03025847975	0.01721439345	0.004170403847	0.006398742682	0.0302954997	0.05262813796	0.01722119993	0.02949672725
25311.73435	0.04073274263	0.09192179241	0.06493874578	0.1490607918	0.005091592829	0.04058671611	0.02283915447	0.005091768835	0.01149051152	0.04067621387	0.09330435183	0.02285505908	0.05235178633
31016.72783	0.05639054824	0.1483123406	0.0616998052	0.210760597	0.007048818529	0.03856237825	0.02280559839	0.007049285554	0.01853979707	0.03863911157	0.1319434634	0.02282143294	0.07517321927
35672.46433	0.06249167915	0.2108040198	0.01555337093	0.2263139679	0.007811459894	0.009720856831	0.008766158362	0.007812095516	0.02635189259	0.009722081872	0.1416655453	0.008767056715	0.08394027598
37282.27389	0.0739523582	0.284756378	0.02725762713	0.253571595	0.009244044776	0.01703601696	0.01314003087	0.009245098226	0.03559699081	0.01704261394	0.1587081592	0.01314305714	0.09708333312
47512.7524	0.04048407606	0.3252404541	0.02101430062	0.2745858956	0.005060509507	0.01313393788	0.009097223696	0.005060682309	0.04065767312	0.01313695995	0.1718451192	0.009098227737	0.1061815609
49350.02483	0.06781304452	0.3930534986	0.07698033799	0.3515662336	0.008476630565	0.04811271124	0.0282946709	0.008477442803	0.04913511592	0.04826203892	0.2201071581	0.02832493225	0.1345064931
51817.20957	0.06005686923	0.4531103678	0.07364024703	0.4252064807	0.007507108653	0.04602515439	0.02676613152	0.00750767283	0.05664278875	0.04615581366	0.2662629717	0.0267917435	0.1612982366
54492.19427	0	0.4531103678	0.07552855237	0.500735033	0	0.04720534523	0.02360267261	0	0.05664278875	0.04734635315	0.3136093249	0.02362022772	0.1849184643
68771.09239	0.08398365245	0.5370940203	0.06898602497	0.569721058	0.01049795656	0.04311626561	0.02680711108	0.01049949956	0.06714228832	0.04322361654	0.3568329414	0.02683284102	0.2117513054
76912.22935	0.03479264134	0.5718866616	0.07429306572	0.6440141237	0.004349080168	0.04643316607	0.02539112312	0.004349189854	0.07149147817	0.04656734334	0.4034002848	0.02541298347	0.2371642888
78018.8985	0.06921813515	0.6411047967	0.0337918642	0.6778059879	0.008652266894	0.02111991513	0.01488609101	0.00865313068	0.08014460885	0.02113248933	0.4245327741	0.01489049161	0.2520547804
82373.84468	0.02398581147	0.6650906082	0.03651047519	0.7143164631	0.002998226434	0.02281904699	0.01290863671	0.002998262371	0.08314287122	0.0228349096	0.4473676837	0.01291150587	0.2649662863
86564.67208	0.05126611621	0.7163567244	0.04496105176	0.7592775149	0.006408264526	0.02810065735	0.01725446094	0.006408615442	0.08955148667	0.02813029968	0.4754979834	0.01726131509	0.2822276014
88278.11213	0.06521820831	0.7815749327	0.07377353437	0.8330510492	0.008152276038	0.04610845898	0.02713036751	0.00815299855	0.09770448522	0.04623983144	0.5217378148	0.02715704064	0.309384642
94748.11292	0.06871622096	0.8502911537	0.05437949889	0.8874305481	0.008589527621	0.03398718681	0.02128835721	0.008590372751	0.106294858	0.03403967852	0.5557774933	0.0213012349	0.3306858769
95411.89088	0.06863031948	0.9189214732	0.07664924229	0.9640797904	0.008578789935	0.04790577643	0.02824228318	0.008579631899	0.1148744899	0.04805317851	0.6038306718	0.02827237654	0.3589582535
98077.92841	0.04561471937	0.9645361925	0.03592020957	1	0.005701839921	0.02245013098	0.01407598545	0.005702087104	0.120576577	0.022465236	0.6262959078	0.01407970578	0.3730379592
98818.1109	0.03546380745	1	0	1	0.004432975932	0	0.002216487966	0.004433092089	0.1250096691	0	0.6262959078	0.002216502485	0.3752544617
:chr 5
:ExpectedMaleRecPerMeiosisArm1 = 0.125
:ExpectedMaleRecPerMeiosisArm2 = 0
:ExpectedFemaleRecPerMeiosisArm1 = 0.625
:ExpectedFemaleRecPerMeiosisArm2 = 0
	male	male_accumulative	female	female_accumulative	Male_recombination_fraction	Female_recombination_fraction	Avg_recombination_fraction	Kosambi_male_interval	Kosambi_male_pos	Kosambi_female_interval	Kosambi_female_pos	Kosambi_both_interval	Kosambi_both_pos
3544.088548	0.03742525902	0.03742525902	0.04645262222	0.04645262222	0.004678157377	0.02903288889	0.01685552313	0.004678293894	0.004678293894	0.02906558449	0.02906558449	0.01686191256	0.01686191256
6357.90881	0.05266279157	0.09008805059	0	0.04645262222	0.006582848946	0	0.003291424473	0.006583229333	0.01126152323	0	0.02906558449	0.003291472018	0.02015338458
7016.692639	0.04422269634	0.1343107469	0.0260961522	0.07254877443	0.005527837042	0.01631009513	0.01091896609	0.005528062277	0.0167895855	0.01631588389	0.04538146838	0.01092070232	0.03107408689
14854.52788	0.08225851483	0.2165692618	0.02468218316	0.09723095759	0.01028231435	0.01542636448	0.01285433942	0.0102837642	0.0270733497	0.01543126201	0.06081273039	0.01285717251	0.0439312594
19143.74969	0.06161704915	0.2781863109	0.05033491176	0.1475658694	0.007702131144	0.03145931985	0.0195807255	0.007702740447	0.03477609015	0.03150093198	0.09231366238	0.01959074451	0.06352200391
24634.92938	0.04594333965	0.3241296506	0.07422769323	0.2217935626	0.005742917457	0.04639230827	0.02606761286	0.00574317002	0.04051926017	0.04652613042	0.1388397928	0.02609126942	0.08961327333
25591.44521	0.03723202684	0.3613616774	0.06186299088	0.2836565535	0.004654003355	0.0386643693	0.02165918633	0.004654137768	0.04517339794	0.03874171454	0.1775815073	0.02167274929	0.1112860226
36240.25068	0.03550426652	0.3968659439	0.08754271441	0.3711992679	0.004438033315	0.05471419651	0.02957611491	0.00443814987	0.04961154781	0.0549341722	0.2325156795	0.02961068298	0.1408967056
40513.4258	0.05125403359	0.4481199775	0.0439828852	0.4151821531	0.006406754199	0.02748930325	0.01694802872	0.006407104866	0.05601865267	0.02751705041	0.2600327299	0.01695452397	0.1578512296
53321.66359	0.03700670438	0.4851266819	0.04097608644	0.4561582395	0.004625838048	0.02561005402	0.01511794604	0.004625970035	0.06064462271	0.02563248533	0.2856652153	0.01512255555	0.1729737851
60274.33875	0.03803077903	0.5231574609	0.05143967146	0.507597911	0.004753847378	0.03214979466	0.01845182102	0.004753990629	0.06539861334	0.032194212	0.3178594273	0.01846020425	0.1914339894
61197.50084	0.0774024387	0.6005598996	0.04134418586	0.5489420968	0.009675304838	0.02584011616	0.0177577105	0.009676512736	0.07507512607	0.02586315809	0.3437225854	0.01776518236	0.2091991717
66644.82144	0.05041994569	0.6509798453	0.07587290036	0.6248149972	0.006302493211	0.04742056273	0.02686152797	0.006302827035	0.08137795311	0.04756351513	0.3912861005	0.0268874151	0.2360865868
73460.25657	0.07823359111	0.7292134364	0.05124436221	0.6760593594	0.009779198889	0.03202772638	0.02090346264	0.009780446124	0.09115839923	0.03207163887	0.4233577394	0.02091565391	0.2570022407
73809.54375	0.07056204683	0.7997754832	0.05400353327	0.7300628927	0.008820255854	0.0337522083	0.02128623208	0.008821170943	0.09997957018	0.0338036168	0.4571613562	0.0212991059	0.2783013467
85144.66047	0.04305420746	0.8428296907	0.02116679184	0.7512296845	0.005381775933	0.0132292449	0.009305510416	0.005381983781	0.105361554	0.01323233325	0.4703936894	0.009306585023	0.2876079317
85744.23859	0.02886686292	0.8716965536	0.09172192834	0.8429516129	0.003608357865	0.05732620521	0.03046728154	0.003608420509	0.1089699745	0.05757939282	0.5279730823	0.03050507432	0.318113006
88523.7276	0.06790907407	0.9396056277	0.0200940817	0.8630456946	0.008488634259	0.01255880106	0.01052371766	0.008489449953	0.1174594244	0.01256144315	0.5405345254	0.01052527206	0.3286382781
90851.29089	0.03259468228	0.97220031	0.06042456653	0.9234702611	0.004074335285	0.03776535408	0.02091984468	0.004074425468	0.1215338499	0.03783741661	0.578371942	0.02093206467	0.3495703427
93309.64712	0.02779969002	1	0.07652973891	1	0.003474961253	0.04783108682	0.02565302403	0.003475017203	0.1250088671	0.04797779799	0.62634974	0.02567556856	0.3752459113
:chr 6
:ExpectedMaleRecPerMeiosisArm1 = 0.125
:ExpectedMaleRecPerMeiosisArm2 = 0
:ExpectedFemaleRecPerMeiosisArm1 = 0.625
:ExpectedFemaleRecPerMeiosisArm2 = 0
	male	male_accumulative	female	female_accumulative	Male_recombination_fraction	Female_recombination_fraction	Avg_recombination_fraction	Kosambi_male_interval	Kosambi_male_pos	Kosambi_female_interval	Kosambi_female_pos	Kosambi_both_interval	Kosambi_both_pos
8120.590824	0.05994356711	0.05994356711	0.01809801104	0.01809801104	0.007492945888	0.0113112569	0.009402101394	0.007493506878	0.007493506878	0.01131318711	0.01131318711	0.009403209817	0.009403209817
12789.28579	0.0478985588	0.1078421259	0.05389371793	0.07199172897	0.005987319851	0.03368357371	0.01983544678	0.005987606053	0.01348111293	0.03373466866	0.04504785577	0.01984586216	0.02924907197
15131.14884	0.06041932551	0.1682614514	0.024140497	0.09613222597	0.007552415688	0.01508781062	0.01132011316	0.007552990143	0.02103410307	0.01509239262	0.06014024839	0.01132204791	0.04057111988
15231.42062	0.05270345038	0.2209649018	0.06408680378	0.1602190297	0.006587931297	0.04005425236	0.02332109183	0.006588312566	0.02762241564	0.04014026481	0.1002805132	0.02333802556	0.06390914544
15708.23244	0.02064579506	0.2416106969	0.03015242892	0.1903714587	0.002580724383	0.01884526808	0.01071299623	0.002580747301	0.03020316294	0.0188541994	0.1191347126	0.01071463603	0.07462378147
36005.6928	0.03735308001	0.2789637769	0.05062312607	0.2409945847	0.004669135001	0.0316394538	0.0181542944	0.00466927073	0.03487243367	0.03168178599	0.1508164986	0.0181622784	0.09278605987
38717.19536	0.05107037968	0.3300341565	0.09779716977	0.3387917545	0.00638379746	0.06112323111	0.03375351428	0.006384144371	0.04125657804	0.06143046992	0.2122469685	0.03380492877	0.1265909886
38998.51867	0.0402430582	0.3702772147	0.03973319056	0.3785249451	0.005030382275	0.0248332441	0.01493181319	0.005030552009	0.04628713005	0.02485369359	0.2371006621	0.01493625447	0.1415272431
39524.1372	0.05588946813	0.4261666829	0.02577386029	0.4042988054	0.006986183516	0.01610866268	0.0115474231	0.0069866382	0.05327376825	0.01611423952	0.2532149016	0.01154947678	0.1530767199
46605.87103	0.04975923469	0.4759259176	0.0505700015	0.4548688069	0.006219904336	0.03160625094	0.01891307764	0.006220225206	0.05949399346	0.03164844979	0.2848633514	0.01892210578	0.1719988257
48376.26314	0.03677105228	0.5126969698	0.06576406396	0.5206328708	0.004596381535	0.04110253998	0.02284946076	0.004596511017	0.06409050447	0.04119550307	0.3260588545	0.02286538692	0.1948642126
48424.17694	0.05551433555	0.5682113054	0.08219608645	0.6028289573	0.006939291944	0.05137255403	0.02915592299	0.006939737533	0.07103024201	0.05155448018	0.3776133347	0.02918903659	0.2240532492
50553.52079	0.09458683146	0.6627981368	0.05310811327	0.6559370705	0.01182335393	0.03319257079	0.02250796236	0.01182555841	0.08285580042	0.03324145987	0.4108547945	0.0225231845	0.2465764337
53378.29639	0.04321577552	0.7060139124	0.0349198995	0.69085697	0.005401971939	0.02182493718	0.01361345456	0.005402182136	0.08825798256	0.02183881415	0.4326936087	0.01361681996	0.2601932537
71281.45097	0.05873016865	0.764744081	0.03553106133	0.7263880314	0.007341271081	0.02220691333	0.01477409221	0.007341798686	0.09559978124	0.02222153234	0.454915141	0.01477839419	0.2749716478
75074.97555	0.02813747177	0.7928815528	0.09701503763	0.823403069	0.003517183971	0.06063439852	0.03207579124	0.003517241986	0.09911702323	0.06093428134	0.5158494224	0.03211990206	0.3070915499
94141.74225	0.05233454253	0.8452160953	0.03921347762	0.8626165466	0.006541817816	0.02450842351	0.01552512066	0.006542191134	0.1056592144	0.02452808026	0.5403775026	0.0155301129	0.3226216628
94736.10408	0.02950382529	0.8747199206	0.05596302145	0.9185795681	0.003687978161	0.03497688841	0.01933243328	0.003688045044	0.1093472594	0.03503411001	0.5754116126	0.01934207575	0.3419637386
96408.85935	0.07561898394	0.9503389045	0.06248968246	0.9810692505	0.009452372992	0.03905605154	0.02425421226	0.009453499293	0.1188007587	0.03913577712	0.6145473897	0.0242732631	0.3662370017
99225.70749	0.04966109546	1	0.01893074946	1	0.006207636932	0.01183171841	0.009019677673	0.006207955908	0.1250087146	0.01183392758	0.6263813173	0.009020656253	0.3752576579
:chr 7
:ExpectedMaleRecPerMeiosisArm1 = 0.125
:ExpectedMaleRecPerMeiosisArm2 = 0
:ExpectedFemaleRecPerMeiosisArm1 = 0.625
:ExpectedFemaleRecPerMeiosisArm2 = 0
	male	male_accumulative	female	female_accumulative	Male_recombination_fraction	Female_recombination_fraction	Avg_recombination_fraction	Kosambi_male_interval	Kosambi_male_pos	Kosambi_female_interval	Kosambi_female_pos	Kosambi_both_interval	Kosambi_both_pos
16512.35144	0.0609907114	0.0609907114	0.03305391583	0.03305391583	0.007623838925	0.02065869739	0.01414126816	0.007624429834	0.007624429834	0.02067046512	0.02067046512	0.01414504051	0.01414504051
19103.07692	0.06578492278	0.1267756342	0.0944483955	0.1275023113	0.008223115347	0.05903024719	0.03362668127	0.00822385686	0.01584828669	0.05930682395	0.07997728907	0.03367751729	0.0478225578
21128.51642	0.03232432038	0.1590999546	0.006634849693	0.134137161	0.004040540048	0.004146781058	0.004093660553	0.004040628006	0.0198889147	0.004146876138	0.08412416521	0.004093752026	0.05191630983
23257.33123	0.05977022801	0.2188701826	0.03267406336	0.1668112244	0.007471278501	0.0204212896	0.01394628405	0.007471834638	0.02736074934	0.02043265601	0.1045568212	0.01394990246	0.06586621229
27440.51638	0.05468268451	0.2735528671	0.05369159856	0.220502823	0.006835335563	0.0335572491	0.02019629233	0.006835761423	0.03419651076	0.03360777031	0.1381645915	0.02020728692	0.08607349921
28101.97776	0.06091173333	0.3344646004	0.08335488821	0.3038577112	0.007613966667	0.05209680513	0.0298553859	0.007614555283	0.04181106604	0.05228656908	0.1904511606	0.02989094389	0.1159644431
35823.13616	0.07259562695	0.4070602274	0.05525810545	0.3591158166	0.009074453369	0.03453631591	0.02180538464	0.009075449889	0.05088651593	0.03459139826	0.2250425589	0.02181922432	0.1377836674
41069.00978	0.04540136522	0.4524615926	0.006013172616	0.3651289892	0.005675170653	0.003758232885	0.004716701769	0.005675414383	0.05656193031	0.003758303664	0.2288008625	0.004716841688	0.1425005091
42086.02507	0.03804492998	0.4905065226	0.07771862751	0.4428476167	0.004755616248	0.04857414219	0.02666487922	0.004755759659	0.06131768997	0.04872782423	0.2775286868	0.02669020131	0.1691907104
45894.58296	0.06736524018	0.5578717627	0.04812746735	0.4909750841	0.008420655022	0.03007966709	0.01925016106	0.008421451274	0.06973914125	0.03011603366	0.3076447204	0.01925968087	0.1884503913
53819.01555	0.06621576493	0.6240875277	0.03121644037	0.5221915245	0.008276970616	0.01951027523	0.01389362293	0.008277726795	0.07801686804	0.01952018643	0.3271649068	0.01389720048	0.2023475918
63812.59796	0.03811471556	0.6622022432	0.07096030446	0.5931518289	0.004764339444	0.04435019029	0.02455726487	0.004764483646	0.08278135169	0.04446705464	0.3716319615	0.02457703947	0.2269246312
66907.25962	0.05954839561	0.7217506388	0.05143239037	0.6445842193	0.007443549451	0.03214524398	0.01979439672	0.007444099418	0.09022545111	0.03218964243	0.4038216039	0.01980474752	0.2467293788
68816.00216	0.03129547527	0.7530461141	0.06638579014	0.7109700094	0.003911934409	0.04149111884	0.02270152662	0.003912014232	0.09413746534	0.04158675093	0.4454083548	0.0227171452	0.269446524
73329.0084	0.05701784524	0.8100639594	0.03287227654	0.743842286	0.007127230656	0.02054517284	0.01383620175	0.007127713441	0.1012651788	0.0205567475	0.4659651023	0.01383973512	0.2832862591
76536.51054	0.06629203288	0.8763559922	0.04995428223	0.7937965682	0.008286504111	0.0312214264	0.01975396525	0.008287262905	0.1095524417	0.03126210018	0.4972272025	0.01976425272	0.3030505118
79035.57237	0.03947565542	0.9158316477	0.05832962621	0.8521261944	0.004934456927	0.03645601638	0.02069523665	0.004934617135	0.1144870588	0.03652082529	0.5337480278	0.02070706698	0.3237575788
81022.4593	0.03086171002	0.9466933577	0.05270449406	0.9048306885	0.003857713753	0.03294030879	0.01839901127	0.003857790302	0.1183448491	0.03298808973	0.5667361176	0.01840732269	0.3421649015
85617.83218	0.02082244187	0.9675157995	0.03264968419	0.9374803727	0.002602805234	0.02040605262	0.01150442893	0.002602828745	0.1209476779	0.02041739359	0.5871535111	0.01150645975	0.3536713612
90240.02728	0.03248420045	1	0.06251962733	1	0.004060525056	0.03907476708	0.02156764607	0.004060614326	0.1250082922	0.03915460761	0.6263081187	0.02158103766	0.3752523989
:chr 8
:ExpectedMaleRecPerMeiosisArm1 = 0.125
:ExpectedMaleRecPerMeiosisArm2 = 0
:ExpectedFemaleRecPerMeiosisArm1 = 0.625
:ExpectedFemaleRecPerMeiosisArm2 = 0
	male	male_accumulative	female	female_accumulative	Male_recombination_fraction	Female_recombination_fraction	Avg_recombination_fraction	Kosambi_male_interval	Kosambi_male_pos	Kosambi_female_interval	Kosambi_female_pos	Kosambi_both_interval	Kosambi_both_pos
16466.54811	0.02024819135	0.02024819135	0.04099439857	0.04099439857	0.002531023919	0.02562149911	0.01407626151	0.002531045538	0.002531045538	0.02564396053	0.02564396053	0.01407998206	0.01407998206
18960.29572	0.06275389313	0.08300208449	0.04841501733	0.0894094159	0.007844236642	0.03025938583	0.01905181124	0.007844880299	0.01037592584	0.03029640911	0.05594036965	0.01906103963	0.0331410217
31438.35814	0.02447841243	0.1074804969	0.07027938726	0.1596888032	0.003059801554	0.04392461704	0.0234922093	0.003059839751	0.01343576559	0.04403813907	0.09997850871	0.02350951886	0.05665054055
32359.50243	0.02303777691	0.1305182738	0.08301390329	0.2427027065	0.002879722113	0.05188368956	0.02738170584	0.002879753955	0.01631551954	0.05207112413	0.1520496328	0.02740912806	0.08405966861
34196.45123	0.03375946461	0.1642777384	0.0004501391559	0.2431528456	0.004219933076	0.0002813369724	0.002250635024	0.004220033277	0.02053555282	0.0002813370021	0.1523309698	0.002250650225	0.08631031884
35469.81464	0.05251769065	0.2167954291	0.02921265098	0.2723654966	0.006564711332	0.01825790686	0.0124113091	0.006565088583	0.0271006414	0.01826602842	0.1705969983	0.01241385917	0.09872417801
44472.63239	0.07339984689	0.290195276	0.04285747564	0.3152229722	0.009174980862	0.02678592228	0.01798045157	0.009176010873	0.03627665228	0.02681159118	0.1974085894	0.01798820828	0.1167123863
44513.31405	0.03549325346	0.3256885294	0.03308752798	0.3483105002	0.004436656683	0.02067970499	0.01255818084	0.004436773129	0.04071342541	0.02069150868	0.2181000981	0.01256082253	0.1292732088
46741.77325	0.0851662607	0.4108547901	0.02997987276	0.378290373	0.01064578259	0.01873742047	0.01469160153	0.01064739171	0.05136081712	0.01874619925	0.2368462974	0.01469583183	0.1439690407
56566.69589	0.05683132483	0.467686115	0.06001442283	0.4383047958	0.007103915604	0.03750901427	0.02230646494	0.007104393666	0.05846521079	0.03757961604	0.2744259134	0.02232128159	0.1662903222
61873.57761	0.07470280103	0.542388916	0.07837779059	0.5166825864	0.009337850129	0.04898611912	0.02916198462	0.00933893598	0.06780414676	0.04914376005	0.3235696735	0.02919511891	0.1954854411
64130.32569	0.06345495172	0.6058438677	0.02568904419	0.5423716306	0.007931868965	0.01605565262	0.01199376079	0.007932534439	0.0757366812	0.01606117456	0.339630848	0.01199606199	0.2074815031
71408.28332	0.05986667152	0.6657105392	0.07411367476	0.6164853053	0.00748333394	0.04632104672	0.02690219033	0.007483892774	0.08322057398	0.04645425102	0.386085099	0.02692819534	0.2344096985
72251.98916	0.04602969177	0.711740231	0.02987062192	0.6463559273	0.005753711472	0.0186691387	0.01221142509	0.005753965462	0.08897453944	0.01867782181	0.4047629208	0.01221385389	0.2466235524
73095.634	0.05586988916	0.7676101202	0.06219393382	0.7085498611	0.006983736145	0.03887120864	0.02292747239	0.006984190351	0.09595872979	0.03894980487	0.4437127257	0.02294356238	0.2695671147
74316.68354	0.0423609582	0.8099710784	0.08810120853	0.7966510696	0.005295119775	0.05506325533	0.03017918755	0.005295317743	0.1012540475	0.05528748889	0.4990002146	0.03021591681	0.2997830316
79020.71991	0.08645914526	0.8964302236	0.07906961189	0.8757206815	0.01080739316	0.04941850743	0.03011295029	0.0108090767	0.1120631242	0.04958037636	0.548580591	0.03014943789	0.3299324694
79113.05752	0.05533969817	0.9517699218	0.07759422921	0.9533149107	0.006917462271	0.04849639325	0.02770692776	0.006917903668	0.1189810279	0.04864933571	0.5972299267	0.02773533997	0.3576678094
80423.36878	0.03009302851	0.9818629503	0	0.9533149107	0.003761628563	0	0.001880814282	0.003761699534	0.1227427274	0	0.5972299267	0.001880823153	0.3595486326
81951.14083	0.01813704968	1	0.0466850893	1	0.002267131211	0.02917818081	0.01572265601	0.002267146748	0.1250098742	0.02921137041	0.6264412971	0.01572784132	0.3752764739
:chr 9
:ExpectedMaleRecPerMeiosisArm1 = 0.125
:ExpectedMaleRecPerMeiosisArm2 = 0
:ExpectedFemaleRecPerMeiosisArm1 = 0.625
:ExpectedFemaleRecPerMeiosisArm2 = 0
	male	male_accumulative	female	female_accumulative	Male_recombination_fraction	Female_recombination_fraction	Avg_recombination_fraction	Kosambi_male_interval	Kosambi_male_pos	Kosambi_female_interval	Kosambi_female_pos	Kosambi_both_interval	Kosambi_both_pos
17332.09771	0.05127427133	0.05127427133	0.02224718744	0.02224718744	0.006409283916	0.01390449215	0.01015688803	0.006409635	0.006409635	0.01390807811	0.01390807811	0.01015828546	0.01015828546
22217.75112	0.07461523421	0.1258895055	0.03259968556	0.054846873	0.009326904276	0.02037480347	0.01485085387	0.009327986313	0.01573762131	0.02038609238	0.03429417049	0.01485522329	0.02501350874
23110.09775	0.05847705859	0.1843665641	0.01010997038	0.06495684338	0.007309632323	0.00631873149	0.006814181907	0.007310153135	0.02304777445	0.006319067901	0.0406132384	0.006814603825	0.03182811257
23482.19157	0.02417443772	0.2085410018	0	0.06495684338	0.003021804715	0	0.001510902358	0.003021841507	0.02606961595	0	0.0406132384	0.001510906956	0.03333901952
25229.71207	0.02965298693	0.2381939888	0.06721052765	0.132167371	0.003706623367	0.04200657978	0.02285660157	0.00370669127	0.02977630722	0.04210583088	0.08271906927	0.02287254269	0.05621156221
30337.43055	0.07230264501	0.3104966338	0.057578222	0.189745593	0.009037830626	0.03598638875	0.02251210969	0.009038815128	0.03881512235	0.03604872006	0.1187677893	0.02252734025	0.07873890247
32820.53668	0.0432567428	0.3537533766	0.06340419107	0.2531497841	0.00540709285	0.03962761942	0.02251735614	0.005407303645	0.044222426	0.03971090576	0.1584786951	0.02253259736	0.1012714998
33908.2603	0.06049560991	0.4142489865	0.08124756889	0.334397353	0.007561951238	0.05077973056	0.0291708409	0.007562527872	0.05178495387	0.05095540522	0.2094341003	0.02920400542	0.1304755052
34386.17481	0.05838059748	0.472629584	0.0640962172	0.3984935702	0.007297574685	0.04006013575	0.02367885522	0.007298092923	0.05908304679	0.0401461862	0.2495802865	0.02369658102	0.1541720863
47870.39698	0.05213289265	0.5247624766	0.1068782284	0.5053717986	0.006516611581	0.06679889274	0.03665775216	0.0065169806	0.06560002739	0.06720062079	0.3167809073	0.03672364527	0.1908957315
50257.1108	0.05213464285	0.5768971195	0.05123424448	0.5566060431	0.006516830357	0.0320214028	0.01926911658	0.006517199413	0.0721172268	0.03206528924	0.3488461965	0.01927866455	0.2101743961
50365.68257	0.02182306927	0.5987201887	0.03315107995	0.589757123	0.002727883659	0.02071942497	0.01172365431	0.002727910725	0.07484513753	0.02073129685	0.3695774934	0.01172580349	0.2219001996
63917.39983	0.05499755451	0.6537177433	0.05345150164	0.6432086246	0.006874694314	0.03340718853	0.02014094142	0.006875127574	0.0817202651	0.0334570338	0.4030345272	0.0201518458	0.2420520454
74718.07812	0.05993004958	0.7136477928	0.1077394894	0.7509481141	0.007491256198	0.06733718088	0.03741421854	0.007491816808	0.08921208191	0.06774877158	0.4707832988	0.03748428517	0.2795363305
84795.32687	0.06468053889	0.7783283317	0.03994553167	0.7908936457	0.008085067362	0.0249659573	0.01652551233	0.008085772148	0.09729785406	0.02498673673	0.4957700355	0.0165315336	0.2960678641
86355.40808	0.07804528481	0.8563736165	0.03536995436	0.8262636001	0.009755660601	0.02210622148	0.01593094104	0.009756898851	0.1070547529	0.02212064237	0.5178906779	0.01593633525	0.3120041994
89030.45011	0.04924770836	0.9056213249	0.001756231225	0.8280198313	0.006155963545	0.001097644515	0.00362680403	0.006156274621	0.1132110275	0.001097646279	0.5189883242	0.00362686764	0.315631067
93868.61473	0.03618817729	0.9418095022	0.08696259507	0.9149824264	0.004523522161	0.05435162192	0.02943757204	0.004523645582	0.1177346731	0.05456723273	0.5735555569	0.02947165594	0.345102723
96999.7263	0.01115339021	0.9529628924	0.08501757361	1	0.001394173777	0.0531359835	0.02726507864	0.00139417739	0.1191288505	0.05333738452	0.6268929414	0.02729215154	0.3723948745
99392.46764	0.0470371076	1	0	1	0.00587963845	0	0.002939819225	0.005879909486	0.12500876	0	0.6268929414	0.002939853103	0.3753347276
:chr 10
:ExpectedMaleRecPerMeiosisArm1 = 0.125
:ExpectedMaleRecPerMeiosisArm2 = 0
:ExpectedFemaleRecPerMeiosisArm1 = 0.625
:ExpectedFemaleRecPerMeiosisArm2 = 0
	male	male_accumulative	female	female_accumulative	Male_recombination_fraction	Female_recombination_fraction	Avg_recombination_fraction	Kosambi_male_interval	Kosambi_male_pos	Kosambi_female_interval	Kosambi_female_pos	Kosambi_both_interval	Kosambi_both_pos
716.7509294	0.06960143129	0.06960143129	0.0346024692	0.0346024692	0.008700178912	0.02162654325	0.01516336108	0.008701057129	0.008701057129	0.02164004493	0.02164004493	0.01516801228	0.01516801228
1447.602083	0.04599373526	0.1155951666	0.0689485325	0.1035510017	0.005749216908	0.04309283281	0.02442102486	0.005749470304	0.01445052743	0.04320000828	0.06484005322	0.02444047186	0.03960848414
15876.79103	0.02582170468	0.1414168712	0.06524917241	0.1688001741	0.003227713085	0.04078073275	0.02200422292	0.003227757922	0.01767828536	0.04087152359	0.1057115768	0.02201844496	0.0616269291
17437.80017	0.05611622582	0.1975330971	0.0704399331	0.2392401072	0.007014528227	0.04402495818	0.02551974321	0.007014988468	0.02469327382	0.04413926242	0.1498508392	0.0255419378	0.0871688669
25697.56565	0.05807131463	0.2556044117	0.02239939129	0.2616394985	0.007258914329	0.01399961955	0.01062926694	0.007259424374	0.0319526982	0.01400327964	0.1638541189	0.01063086859	0.09779973549
36881.20094	0	0.2556044117	0.04783816119	0.3094776597	0	0.02989885074	0.01494942537	0	0.0319526982	0.02993456449	0.1937886834	0.0149538824	0.1127536179
38889.63057	0.05708032343	0.3126847351	0.05390699178	0.3633846515	0.007135040429	0.03369186986	0.02041345515	0.007135524803	0.039088223	0.03374300265	0.227531686	0.02042480847	0.1331784264
39322.06311	0.04392097502	0.3566057101	0.03018366494	0.3935683164	0.005490121877	0.01886479059	0.01217745623	0.005490342533	0.04457856553	0.01887374972	0.2464054357	0.01217986482	0.1453582912
41525.4512	0.04381952487	0.400425235	0.0997786001	0.4933469165	0.005477440609	0.06236162506	0.03391953283	0.00547765974	0.05005622527	0.06268804064	0.3090934764	0.03397171112	0.1793300023
46924.43816	0.03057710757	0.4310023426	0.005338837638	0.4986857541	0.003822138446	0.003336773524	0.003579455985	0.003822212897	0.05387843817	0.003336823061	0.3124302994	0.003579517136	0.1829095194
53177.00247	0.05513622614	0.4861385687	0.09852324376	0.5972089979	0.006892028268	0.06157702735	0.03423452781	0.006892464813	0.06077090298	0.0618912027	0.3743215021	0.03428817608	0.2171976955
55610.95865	0.03595367982	0.5220922485	0.06368855101	0.6608975489	0.004494209977	0.03980534438	0.02214977718	0.004494331014	0.065265234	0.03988975921	0.4142112613	0.02216428354	0.2393619791
60788.01502	0.06891074136	0.5910029899	0.06297011241	0.7238676613	0.00861384267	0.03935632026	0.02398508146	0.008614694998	0.073879929	0.03943790347	0.4536491648	0.02400350456	0.2633654836
64850.72419	0.0196991669	0.6107021568	0.04550785832	0.7693755196	0.002462395862	0.02844241145	0.01545240366	0.00246241577	0.07634234477	0.02847314993	0.4821223147	0.01545732605	0.2788228097
71405.85578	0.04598562338	0.6566877802	0	0.7693755196	0.005748202922	0	0.002874101461	0.005748456184	0.08209080095	0	0.4821223147	0.002874133117	0.2816969428
79211.87783	0.06900047398	0.7256882541	0.08138821802	0.8507637377	0.008625059247	0.05086763626	0.02974634776	0.00862591491	0.09071671586	0.05104422867	0.5331665434	0.02978151702	0.3114784598
81862.21419	0.08266948552	0.8083577397	0.007849229572	0.8586129672	0.01033368569	0.004905768482	0.007619727086	0.01033515738	0.1010518732	0.004905925911	0.5380724693	0.007620317039	0.3190987768
96734.55045	0.05635478981	0.8647125295	0.02311144717	0.8817244144	0.007044348727	0.01444465448	0.0107445016	0.007044814863	0.1080966881	0.01444867496	0.5525211443	0.01074615592	0.3298449328
97958.37774	0.08244753168	0.9471600612	0.05439841218	0.9361228266	0.01030594146	0.03399900761	0.02215247454	0.01030740132	0.1184040894	0.03405155421	0.5865726985	0.02216698621	0.352011919
98697.76028	0.05283993884	1	0.06387717341	1	0.006604992354	0.03992323338	0.02326411287	0.006605376593	0.125009466	0.04000840239	0.6265811009	0.02328092268	0.3752928416
:chr 11
:ExpectedMaleRecPerMeiosisArm1 = 0.125
:ExpectedMaleRecPerMeiosisArm2 = 0
:ExpectedFemaleRecPerMeiosisArm1 = 0.625
:ExpectedFemaleRecPerMeiosisArm2 = 0
	male	male_accumulative	female	female_accumulative	Male_recombination_fraction	Female_recombination_fraction	Avg_recombination_fraction	Kosambi_male_interval	Kosambi_male_pos	Kosambi_female_interval	Kosambi_female_pos	Kosambi_both_interval	Kosambi_both_pos
3757.308984	0.08418434694	0.08418434694	0.08939152807	0.08939152807	0.01052304337	0.05586970505	0.03319637421	0.01052459747	0.01052459747	0.05610398671	0.05610398671	0.03324528012	0.03324528012
9353.199186	0.05100881732	0.1351931643	0.05457518661	0.1439667147	0.006376102165	0.03410949163	0.0202427969	0.006376447824	0.01690104529	0.03416255313	0.09026653985	0.02025386767	0.05349914779
9764.304389	0.03816625577	0.17335942	0.03061788513	0.1745845998	0.004770781971	0.01913617821	0.01195348009	0.004770926758	0.02167197205	0.01914552981	0.1094120697	0.01195575818	0.06545490597
15132.21432	0.05209172661	0.2254511466	0.05784792321	0.232432523	0.006511465826	0.03615495201	0.02133320892	0.006511833971	0.02818380602	0.03621816518	0.1456302348	0.02134616823	0.0868010742
17981.64044	0.09941237697	0.3248635236	0.09181118737	0.3242437104	0.01242654712	0.0573819921	0.03490426961	0.0124291066	0.04061291262	0.05763592354	0.2032661584	0.03496113485	0.121762209
21357.31458	0.03727548056	0.3621390042	0.02791853957	0.35216225	0.00465943507	0.01744908723	0.01105426115	0.004659569955	0.04527248257	0.01745617606	0.2207223344	0.01105606274	0.1328182718
23604.64685	0.03925898453	0.4013979887	0.002339777963	0.3545020279	0.004907373067	0.001462361227	0.003184867147	0.00490753065	0.05018001322	0.001462365397	0.2221846998	0.003184910222	0.136003182
24837.30517	0.06233841287	0.4637364016	0.06798980085	0.4224918288	0.007792301609	0.04249362553	0.02514296357	0.007792932566	0.05797294579	0.04259637932	0.2647810792	0.02516418857	0.1611673706
26414.9408	0.09548248185	0.5592188834	0.07527963409	0.4977714629	0.01193531023	0.04704977131	0.02949254077	0.01193757795	0.06991052373	0.04718938472	0.3119704639	0.02952681622	0.1906941868
34561.39426	0.08259469844	0.6418135819	0.04132661136	0.5390980742	0.0103243373	0.0258291321	0.0180767347	0.010325805	0.08023632873	0.02585214463	0.3378226085	0.01808461676	0.2087788036
39816.46389	0.03042644864	0.6722400305	0.05732160808	0.5964196823	0.00380330608	0.03582600505	0.01981465557	0.003803379436	0.08403970817	0.03588750497	0.3737101135	0.01982503821	0.2286038418
40340.03007	0.0228516592	0.6950916897	0.05644929248	0.6528689748	0.0028564574	0.0352808078	0.0190686326	0.002856488476	0.08689619665	0.03533953704	0.4090496505	0.01907788547	0.2476817272
41066.92785	0.03449344321	0.7295851329	0.04910379704	0.7019727718	0.004311680401	0.03068987315	0.01750077678	0.004311787282	0.09120798393	0.0307285016	0.4397781521	0.01750792882	0.2651896561
50288.20343	0.03456596466	0.7641510976	0.008459690439	0.7104324623	0.004320745583	0.005287306525	0.004804026054	0.004320853139	0.09552883707	0.005287503618	0.4450656557	0.004804173889	0.2699938299
63760.53666	0.04926874565	0.8134198432	0.07589289154	0.7863253538	0.006158593206	0.04743305721	0.02679582521	0.006158904681	0.1016877417	0.04757612305	0.4926417788	0.02682152262	0.2968153526
70199.03132	0.08328300005	0.8967028433	0.02436043173	0.8106857855	0.01041037501	0.01522526983	0.01281782242	0.01041187971	0.1120996215	0.01522997825	0.507871757	0.01282063143	0.309635984
72028.09712	0.03031121834	0.9270140616	0.004370504179	0.8150562897	0.003788902292	0.002731565112	0.003260233702	0.003788974818	0.1158885963	0.002731592287	0.5106033493	0.003260279908	0.3128962639
74624.18767	0.02062879047	0.9476428521	0.1022940801	0.9173503699	0.002578598809	0.06393380009	0.03325619945	0.00257862167	0.1184672179	0.0642857006	0.5748890499	0.03330537072	0.3462016346
87586.87623	0.0264702864	0.9741131385	0.06749653018	0.9848469	0.0033087858	0.04218533136	0.02274705858	0.003308834101	0.121776052	0.04228585855	0.6171749085	0.02276277141	0.368964406
97787.2298	0.02588686151	1	0.01515309996	1	0.003235857689	0.009470687476	0.006353272582	0.003235902866	0.1250119549	0.009471820337	0.6266467288	0.006353614541	0.3753180206
:chr 12
:ExpectedMaleRecPerMeiosisArm1 = 0.125
:ExpectedMaleRecPerMeiosisArm2 = 0
:ExpectedFemaleRecPerMeiosisArm1 = 0.625
:ExpectedFemaleRecPerMeiosisArm2 = 0
	male	male_accumulative	female	female_accumulative	Male_recombination_fraction	Female_recombination_fraction	Avg_recombination_fraction	Kosambi_male_interval	Kosambi_male_pos	Kosambi_female_interval	Kosambi_female_pos	Kosambi_both_interval	Kosambi_both_pos
772.5690029	0.05701395822	0.05701395822	0.02205824861	0.02205824861	0.007126744777	0.01378640538	0.01045657508	0.007127227464	0.007127227464	0.01378990073	0.01378990073	0.01045809991	0.01045809991
16731.45411	0.03843576156	0.09544971978	0.0396186975	0.06167694611	0.004804470195	0.02476168594	0.01478307807	0.004804618071	0.01193184554	0.02478195899	0.03857185972	0.01478738791	0.02524548782
17638.95625	0.08273945651	0.1781891763	0.05360962096	0.1152865671	0.01034243206	0.0335060131	0.02192422258	0.01034390749	0.02227575303	0.03355630283	0.07212816255	0.02193828995	0.04718377776
25968.36617	0	0.1781891763	0.04352163002	0.1588081971	0	0.02720101876	0.01360050938	0	0.02227575303	0.02722790106	0.09935606361	0.01360386519	0.06078764295
30607.57803	0.06479360128	0.2429827776	0.0769811123	0.2357893094	0.00809920016	0.04811319519	0.02810619767	0.00809990865	0.03037566168	0.04826252738	0.147618591	0.02813585756	0.08892350051
31565.40735	0.02309998594	0.2660827635	0.03206206568	0.2678513751	0.002887498242	0.02003879105	0.01146314465	0.002887530343	0.03326319202	0.02004953026	0.1676681212	0.01146515368	0.1003886542
42332.3713	0.07040925917	0.3364920227	0.06380660221	0.3316579773	0.008801157397	0.03987912638	0.02434014189	0.008802066554	0.04206525857	0.03996401269	0.2076321339	0.02435939612	0.1247480503
43344.36126	0.06262826788	0.3991202906	0.03521453463	0.3668725119	0.007828533485	0.02200908414	0.01491880881	0.007829173285	0.04989443186	0.02202331562	0.2296554496	0.0149232385	0.1396712888
49284.40612	0.02239216795	0.4215124585	0.09475216259	0.4616246745	0.002799020994	0.05922010162	0.03100956131	0.002799050233	0.05269348209	0.05949937079	0.2891548203	0.03104941141	0.1707207002
50653.7372	0	0.4215124585	0.07148212454	0.533106799	0	0.04467632784	0.02233816392	0	0.05269348209	0.04479579773	0.3339506181	0.02235304388	0.1930737441
65106.46639	0.05233285399	0.4738453125	0.02393451705	0.5570413161	0.006541606749	0.01495907315	0.01075033995	0.00654198003	0.05923546212	0.01496353882	0.3489141569	0.01075199696	0.2038257411
67824.12997	0.06232156186	0.5361668744	0.07383236079	0.6308736769	0.007790195232	0.04614522549	0.02696771036	0.007790825677	0.0670262878	0.04627691355	0.3951910704	0.02699390606	0.2308196471
70277.45287	0.01110527295	0.5472721473	0.07466180217	0.705535479	0.001388159119	0.04666362635	0.02402589274	0.001388162685	0.06841445049	0.04679981849	0.4419908889	0.02404441012	0.2548640572
72185.63168	0.07918967028	0.6264618176	0.03803656224	0.7435720413	0.009898708785	0.0237728514	0.01683578009	0.009900002315	0.0783144528	0.02379078933	0.4657816783	0.01684214708	0.2717062043
79625.2427	0.0809422659	0.7074040835	0.01458045659	0.7581524979	0.01011778324	0.009112785366	0.009615284302	0.01011916458	0.08843361738	0.00911379457	0.4748954728	0.009616469856	0.2813226742
84753.03579	0.03059662067	0.7380007042	0.02186872356	0.7800212214	0.003824577584	0.01366795222	0.008746264903	0.003824652178	0.09225826956	0.01367135822	0.488566831	0.008747157153	0.2900698313
90216.77523	0.08602558012	0.8240262843	0.06582309781	0.8458443192	0.01075319751	0.04113943613	0.02594631682	0.01075485585	0.1030131254	0.04123265048	0.5297994815	0.02596964433	0.3160394757
90882.1531	0.05466716293	0.8786934472	0.03580589273	0.881650212	0.006833395366	0.02237868296	0.01460603916	0.006833820863	0.1098469463	0.0223936441	0.5521931256	0.01461019596	0.3306496716
90901.97397	0.0796463772	0.9583398244	0.04402401726	0.9256742292	0.009955797149	0.02751501079	0.01873540397	0.009957113193	0.1198040595	0.02754283596	0.5797359616	0.01874417992	0.3493938515
96305.32744	0.0416601756	1	0.07432577079	1	0.00520752195	0.04645360674	0.02583056435	0.005207710254	0.1250117697	0.04658796191	0.6263239235	0.02585358071	0.3752474322
:chr 13
:ExpectedMaleRecPerMeiosisArm1 = 0.125
:ExpectedMaleRecPerMeiosisArm2 = 0
:ExpectedFemaleRecPerMeiosisArm1 = 0.625
:ExpectedFemaleRecPerMeiosisArm2 = 0
	male	male_accumulative	female	female_accumulative	Male_recombination_fraction	Female_recombination_fraction	Avg_recombination_fraction	Kosambi_male_interval	Kosambi_male_pos	Kosambi_female_interval	Kosambi_female_pos	Kosambi_both_interval	Kosambi_both_pos
10797.12008	0.003702753212	0.003702753212	0.06210457992	0.06210457992	0.0004628441515	0.03881536245	0.0196391033	0.0004628442837	0.0004628442837	0.03889361959	0.03889361959	0.01964921225	0.01964921225
10811.40568	0.03819047079	0.04189322401	0.06945627208	0.131560852	0.004773808849	0.04341017005	0.02409198945	0.004773953913	0.005236798196	0.043519738	0.08241335759	0.02411066022	0.04375987247
14161.00334	0.08206818647	0.1239614105	0.0554134243	0.1869742763	0.01025852331	0.03463339019	0.02244595675	0.01025996311	0.01549676131	0.03468893922	0.1171022968	0.02246105333	0.0662209258
17164.66887	0.03746543807	0.1614268485	0.06728719508	0.2542614714	0.004683179758	0.04205449693	0.02336883834	0.004683316715	0.02018007802	0.04215408903	0.1592563858	0.02338587639	0.0896068022
17394.66973	0.02339114555	0.1848179941	0.007190036954	0.2614515083	0.002923893194	0.004493773097	0.003708833145	0.002923926524	0.02310400455	0.004493894099	0.1637502799	0.00370890117	0.09331570337
30165.8014	0.03646141	0.2212794041	0.06499401364	0.326445522	0.00455767625	0.04062125852	0.02258946739	0.004557802488	0.02766180704	0.04071098559	0.2044612655	0.02260485563	0.115920559
32532.26049	0.1114908382	0.3327702423	0.07912425557	0.4055697776	0.01393635478	0.04945265973	0.03169450726	0.01393996546	0.04160177249	0.04961486581	0.2540761313	0.03173706117	0.1476576202
38089.94742	0.05051281796	0.3832830603	0.05970140261	0.4652711802	0.006314102246	0.03731337663	0.02181373944	0.006314437918	0.04791621041	0.03738287697	0.2914590083	0.02182759504	0.1694852152
50494.8172	0.03390093499	0.4171839953	0	0.4652711802	0.004237616874	0	0.002118808437	0.00423771834	0.05215392875	0	0.2914590083	0.00211882112	0.1716040363
52570.99585	0.03443272137	0.4516167167	0.01653020998	0.4818013901	0.004304090171	0.01033138124	0.007317735704	0.004304196488	0.05645812524	0.01033285194	0.3017918602	0.007318258251	0.1789222946
53667.73771	0.03878828953	0.4904050062	0.05256335878	0.5343647489	0.004848536192	0.03285209924	0.01885031772	0.004848688175	0.06130681341	0.0328994967	0.3346913569	0.01885925623	0.1977815508
54098.97312	0.1096605022	0.6000655084	0.05149014638	0.5858548953	0.01370756278	0.03218134149	0.02294445213	0.01371099848	0.0750178119	0.03222588992	0.3669172469	0.02296057792	0.2207421287
68852.93054	0.04322283535	0.6432883438	0.03369730541	0.6195522007	0.005402854418	0.02106081588	0.01323183515	0.005403064718	0.08042087661	0.02107328475	0.3879905316	0.01323492531	0.233977054
69860.41631	0.04037232162	0.6836606654	0.04716816869	0.6667203694	0.005046540202	0.02948010543	0.01726332282	0.005046711577	0.08546758819	0.02951433749	0.4175048691	0.01727018754	0.2512472416
72933.42336	0.07891473867	0.7625754041	0.06110831923	0.7278286886	0.009864342333	0.03819269952	0.02402852093	0.009865622435	0.09533321063	0.03826724201	0.4557721111	0.02404704439	0.275294286
82226.51834	0.05320404943	0.8157794535	0.08407495994	0.8119036486	0.006650506179	0.05254684996	0.02959867807	0.006650898417	0.101984109	0.05274159663	0.5085137078	0.02963332543	0.3049276114
83853.80356	0.04802371546	0.863803169	0.02467584234	0.8365794909	0.006002964432	0.01542240146	0.01071268295	0.006003252884	0.1079873619	0.01542729522	0.523941003	0.01071432261	0.315641934
90350.45601	0.04440241708	0.908205586	0.06523608614	0.9018155771	0.005550302135	0.04077255384	0.02316142799	0.005550530128	0.1135378921	0.04086328992	0.5648042929	0.023178016	0.33881995
94970.24644	0.07700872071	0.9852143068	0.07720831326	0.9790238903	0.009626090088	0.04825519579	0.02894064294	0.009627279645	0.1231651717	0.04840585909	0.613210152	0.02897302746	0.3677929775
97337.54033	0.01478569325	1	0.02097610967	1	0.001848211656	0.01311006854	0.007479140099	0.001848220074	0.1250133918	0.01311307415	0.6263232261	0.007479697993	0.3752726755
:chr 14
:ExpectedMaleRecPerMeiosisArm1 = 0.125
:ExpectedMaleRecPerMeiosisArm2 = 0
:ExpectedFemaleRecPerMeiosisArm1 = 0.625
:ExpectedFemaleRecPerMeiosisArm2 = 0
	male	male_accumulative	female	female_accumulative	Male_recombination_fraction	Female_recombination_fraction	Avg_recombination_fraction	Kosambi_male_interval	Kosambi_male_pos	Kosambi_female_interval	Kosambi_female_pos	Kosambi_both_interval	Kosambi_both_pos
4738.827238	0.01286869847	0.01286869847	0.03123083733	0.03123083733	0.001608587309	0.01951927333	0.01056393032	0.001608592859	0.001608592859	0.01952919825	0.01952919825	0.01056550261	0.01056550261
7679.797246	0.02228563388	0.03515433235	0.06169230568	0.092923143	0.002785704235	0.03855769105	0.02067169764	0.002785733059	0.004394325918	0.03863439632	0.05816359457	0.02068348762	0.03124899022
10801.10404	0.01439909308	0.04955342543	0.02302647578	0.1159496188	0.001799886635	0.01439154736	0.008095716999	0.001799894409	0.006194220327	0.01439552365	0.07255911822	0.008096424575	0.0393454148
28919.60611	0.06714618424	0.1166996097	0.05761970433	0.1735693231	0.008393273029	0.03601231521	0.02220279412	0.008394061538	0.01458828186	0.03607478162	0.1086338998	0.02221740498	0.06156281978
29824.70054	0.04220552534	0.158905135	0.08205648802	0.2556258111	0.005275690668	0.05128530501	0.02828049784	0.005275886465	0.01986416833	0.05146630188	0.1601002017	0.02831071368	0.08987353346
32168.39844	0.07073015912	0.2296352941	0.04222654094	0.2978523521	0.008841269891	0.02639158809	0.01761642899	0.008842191537	0.02870635987	0.02641613869	0.1865163404	0.01762372383	0.1074972573
39588.46388	0.08807733317	0.3177126273	0.04587689434	0.3437292464	0.01100966665	0.02867305896	0.01984136281	0.01101144651	0.03971780638	0.02870455232	0.2152208927	0.01985178751	0.1273490448
45279.6471	0.08991832915	0.4076309565	0.03926494793	0.3829941944	0.01123979114	0.02454059245	0.0178901918	0.01124168499	0.05095949137	0.02456032678	0.2397812195	0.01789783222	0.145246877
50259.03785	0.01335236355	0.42098332	0.09727768318	0.4802718775	0.001669045444	0.06079855199	0.03123379872	0.001669051643	0.05262854301	0.06110089164	0.3008821111	0.03127452095	0.176521398
50996.83616	0.04066158328	0.4616449033	0.06299549909	0.5432673766	0.00508269791	0.03937218693	0.02222744242	0.005082872995	0.05771141601	0.0394538691	0.3403359802	0.02224210204	0.1987635
56450.87797	0.04247162122	0.5041165245	0.03416796807	0.5774353447	0.005308952653	0.02135498004	0.01333196635	0.005309152176	0.06302056819	0.0213679791	0.3617039593	0.01333512722	0.2120986272
61091.10329	0.07736085943	0.5814773839	0.0782698563	0.655705201	0.009670107429	0.04891866019	0.02929438381	0.009671313381	0.07269188157	0.04907564825	0.4107796076	0.02932797207	0.2414265993
62403.71794	0.1100815495	0.6915589334	0.03416944532	0.6898746463	0.01376019369	0.02135590332	0.01755804851	0.01376366913	0.08645555069	0.02136890407	0.4321485117	0.01756527103	0.2589918703
65493.42724	0.04811557282	0.7396745062	0.03985198172	0.729726628	0.006014446603	0.02490748857	0.01546096759	0.006014736713	0.09247028741	0.02492812221	0.4570766339	0.01546589817	0.2744577685
65811.11949	0	0.7396745062	0.03398651522	0.7637131433	0	0.02124157201	0.01062078601	0	0.09247028741	0.02125436492	0.4783309988	0.01062238382	0.2850801523
74431.8608	0.08486880286	0.8245433091	0.04002225361	0.8037353969	0.01060860036	0.0250139085	0.01781125443	0.01061019268	0.1030804801	0.02503480802	0.5033658068	0.01781879411	0.3028989464
75055.60795	0	0.8245433091	0.03035043233	0.8340858292	0	0.0189690202	0.009484510102	0	0.1030804801	0.01897812874	0.5223439356	0.009485647932	0.3123845944
75902.41487	0.0190317177	0.8435750268	0.03125097942	0.8653368086	0.002378964712	0.01953186214	0.01095541342	0.002378982664	0.1054594627	0.01954180628	0.5418857418	0.0109571671	0.3233417615
77861.18792	0.08169872179	0.9252737486	0.07583129611	0.9411681047	0.01021234022	0.04739456007	0.02880345015	0.01021376066	0.1156732234	0.0475372766	0.5894230184	0.02883537568	0.3521771372
90627.73868	0.07472625141	1	0.05883189528	1	0.009340781427	0.03676993455	0.02305535799	0.009341868301	0.1250150917	0.03683643578	0.6262594542	0.02307171895	0.3752488561
:chr 15
:ExpectedMaleRecPerMeiosisArm1 = 0.125
:ExpectedMaleRecPerMeiosisArm2 = 0
:ExpectedFemaleRecPerMeiosisArm1 = 0.625
:ExpectedFemaleRecPerMeiosisArm2 = 0
	male	male_accumulative	female	female_accumulative	Male_recombination_fraction	Female_recombination_fraction	Avg_recombination_fraction	Kosambi_male_interval	Kosambi_male_pos	Kosambi_female_interval	Kosambi_female_pos	Kosambi_both_interval	Kosambi_both_pos
13559.96314	0.04396094142	0.04396094142	0	0	0.005495117678	0	0.002747558839	0.005495338937	0.005495338937	0	0	0.002747586495	0.002747586495
30654.48586	0.03194178782	0.07590272924	0.08033438699	0.08033438699	0.003992723478	0.05020899187	0.02710085767	0.003992808349	0.009488147286	0.05037878569	0.05037878569	0.02712744375	0.02987503025
31085.99872	0.04918873178	0.125091461	0.06461378109	0.1449481681	0.006148591473	0.04038361318	0.02326610233	0.006148901432	0.01563704872	0.04047177056	0.09085055625	0.02328291645	0.0531579467
36297.86499	0.04754569517	0.1726371562	0.1028346777	0.2477828458	0.005943211897	0.06427167355	0.03510744272	0.00594349182	0.02158054054	0.06462922039	0.1554797766	0.03516530875	0.08832325545
37048.03648	0.07058848682	0.243225643	0.01937663622	0.267159482	0.008823560853	0.01211039764	0.01046697924	0.008824476971	0.03040501751	0.01211276665	0.1675925433	0.01046850863	0.09879176408
47439.22955	0.05061423052	0.2938398735	0.07900256817	0.3461620501	0.006326778815	0.04937660511	0.02785169196	0.006327116513	0.03673213402	0.04953806101	0.2171306043	0.02788055241	0.1266723165
48088.94244	0.03316841418	0.3270082877	0.06769140292	0.4138534531	0.004146051772	0.04230712683	0.0232265893	0.004146146802	0.04087828082	0.04240852976	0.2595391341	0.02324331783	0.1499156343
55085.70091	0.05220598293	0.3792142706	0.103993239	0.5178466921	0.006525747866	0.0649957744	0.03576076113	0.006526118439	0.04740439926	0.06536562678	0.3249047608	0.03582192498	0.1857375593
62969.20406	0.1044080989	0.4836223695	0.05520232947	0.5730490216	0.01305101236	0.03450145592	0.02377623414	0.01305397752	0.06045837679	0.03455637132	0.3594611322	0.02379417973	0.209531739
66096.76031	0.06542261071	0.5490449802	0.03593104689	0.6089800685	0.008177826338	0.0224569043	0.01531736532	0.008178555665	0.06863693245	0.02247202301	0.3819331552	0.01532215974	0.2248538988
68478.35479	0.04667417558	0.5957191558	0.05968187946	0.6686619479	0.005834271947	0.03730117466	0.0215677233	0.005834536757	0.07447146921	0.03737060669	0.4193037619	0.02158111504	0.2464350138
70276.90143	0.05467904221	0.650398198	0.07413762025	0.7427995682	0.006834880277	0.04633601266	0.02658544647	0.006835306052	0.08130677526	0.04646934655	0.4657731084	0.02661054268	0.2730455565
72717.29892	0.03790006111	0.6882982591	0.03719439075	0.7799939589	0.004737507638	0.02324649422	0.01399200093	0.004737649417	0.08604442468	0.02326326583	0.4890363742	0.01399565504	0.2870412115
73950.07278	0.03388306297	0.7221813221	0.05864288128	0.8386368402	0.004235382871	0.0366518008	0.02044359184	0.004235484177	0.09027990885	0.03671766175	0.525754036	0.02045499555	0.3074962071
88375.23157	0.03433805643	0.7565193785	0.01500165569	0.8536384959	0.004292257054	0.009376034807	0.006834145931	0.004292362496	0.09457227135	0.009377134036	0.53513117	0.006834571568	0.3143307786
90002.57835	0.07546833747	0.831987716	0.03773018258	0.8913686785	0.009433542183	0.02358136411	0.01650745315	0.009434661765	0.1040069331	0.02359887168	0.5587300417	0.01651345469	0.3308442333
93112.40324	0.03142059728	0.8634083133	0.01470593329	0.9060746118	0.003927574661	0.009191208308	0.006559391484	0.003927655445	0.1079345886	0.009192243795	0.5679222855	0.006559767819	0.3374040011
93633.95953	0.03718049763	0.9005888109	0.02621897385	0.9322935856	0.004647562203	0.01638685866	0.01051721043	0.004647696059	0.1125822846	0.01639272957	0.5843150151	0.01051876194	0.3479227631
95724.91664	0.06253928198	0.9631280929	0	0.9322935856	0.007817410248	0	0.003908705124	0.007818047324	0.1204003319	0	0.5843150151	0.00390878475	0.3518315478
97248.73253	0.03687190713	1	0.06770641439	1	0.004608988392	0.04231650899	0.02346274869	0.004609118942	0.1250094509	0.04241797959	0.6267329947	0.02347999316	0.375311541
:chr 16
:ExpectedMaleRecPerMeiosisArm1 = 0.125
:ExpectedMaleRecPerMeiosisArm2 = 0
:ExpectedFemaleRecPerMeiosisArm1 = 0.625
:ExpectedFemaleRecPerMeiosisArm2 = 0
	male	male_accumulative	female	female_accumulative	Male_recombination_fraction	Female_recombination_fraction	Avg_recombination_fraction	Kosambi_male_interval	Kosambi_male_pos	Kosambi_female_interval	Kosambi_female_pos	Kosambi_both_interval	Kosambi_both_pos
5293.705317	0.07750407835	0.07750407835	0.04075681809	0.04075681809	0.009688009794	0.0254730113	0.01758051055	0.009689222458	0.009689222458	0.02549508406	0.02549508406	0.01758776084	0.01758776084
5751.497534	0.07411074446	0.1516148228	0.02593559558	0.06669241367	0.009263843057	0.01620974724	0.01273679515	0.009264903291	0.01895412575	0.01621542977	0.04171051383	0.01273955121	0.03032731205
12601.81293	0.02064047279	0.1722552956	0.03111693483	0.0978093485	0.002580059099	0.01944808427	0.01101407168	0.002580081999	0.02153420775	0.01945790093	0.06116841476	0.01101585369	0.04134316574
15008.77273	0.0739355954	0.246190891	0.03697290543	0.1347822539	0.009241949425	0.0231080659	0.01617500766	0.009243002159	0.03077720991	0.02312453942	0.08429295418	0.01618065371	0.05752381945
15410.99498	0.0246682039	0.2708590949	0.04195988326	0.1767421372	0.003083525488	0.02622492704	0.01465422626	0.00308356458	0.03386077449	0.02624901496	0.1105419691	0.01465842435	0.0721822438
23211.0377	0.03236022104	0.303219316	0.06539986374	0.2421420009	0.00404502763	0.04087491483	0.02245997123	0.004045115881	0.03790589037	0.04096633786	0.151508307	0.02247509613	0.09465733993
23583.83491	0.08742927086	0.3906485868	0.05747903783	0.2996210388	0.01092865886	0.03592439864	0.02342652875	0.01093039972	0.04883629009	0.03598640773	0.1874947147	0.02344369341	0.1181010333
25791.20524	0.02326216239	0.4139107492	0.03456097795	0.3341820167	0.002907770298	0.02160061122	0.01225419076	0.00290780308	0.05174409317	0.02161406435	0.2091087791	0.01225664518	0.1303576785
32272.43057	0.0346907122	0.4486014614	0.03511406346	0.3692960802	0.004336339025	0.02194628966	0.01314131434	0.00433644775	0.05608054091	0.02196039958	0.2310691787	0.0131443415	0.14350202
42236.842	0.1113589197	0.5599603811	0.05940512282	0.428701203	0.01391986497	0.03712820176	0.02552403337	0.01392346284	0.07000400376	0.03719667023	0.2682658489	0.02554623917	0.1690482592
52585.23964	0.07934152198	0.6393019031	0.04949418987	0.4781953929	0.009917690247	0.03093386867	0.02042577946	0.009918991234	0.07992299499	0.03097342722	0.2992392761	0.02043715337	0.1894854126
59471.95517	0.05502205001	0.6943239531	0.04109688799	0.5192922808	0.006877756251	0.02568555499	0.01628165562	0.00687819009	0.08680118508	0.02570818549	0.3249474616	0.01628741414	0.2057728267
71237.53064	0.04584398254	0.7401679357	0.09071179785	0.6100040787	0.005730497817	0.05669487365	0.03121268574	0.005730748746	0.09253193383	0.05693974524	0.3818872068	0.03125332532	0.237026152
71365.64677	0.03647798786	0.7766459235	0.04648253691	0.6564866156	0.004559748482	0.02905158557	0.01680566703	0.004559874893	0.09709180872	0.02908434446	0.4109715513	0.01681199989	0.2538381519
73604.98326	0.02139441634	0.7980403399	0.07467700191	0.7311636175	0.002674302043	0.04667312619	0.02467371412	0.002674327545	0.09976613626	0.04680940182	0.4577809531	0.02469377165	0.2785319236
75583.90357	0.05483857412	0.852878914	0.0538624623	0.7850260798	0.006854821765	0.03366403894	0.02025943035	0.006855251278	0.1066213875	0.03371504489	0.491495998	0.02027052845	0.298802452
76696.30701	0.03236412387	0.8852430379	0.02606967154	0.8110957513	0.004045515484	0.01629354471	0.0101695301	0.004045603767	0.1106669913	0.01629931586	0.5077953139	0.01017093275	0.3089733848
79164.97955	0.01381878564	0.8990618235	0.09072660006	0.9018223514	0.001727348205	0.05670412504	0.02921573662	0.001727355077	0.1123943464	0.05694911714	0.564744431	0.02924905472	0.3382224395
79527.69984	0.0380708187	0.9371326422	0.05866606662	0.960488418	0.004758852337	0.03666629164	0.02071257199	0.004758996041	0.1171533424	0.0367322309	0.6014766619	0.02072443209	0.3589468716
88221.03859	0.0628673578	1	0.03951158198	1	0.007858419725	0.02469473874	0.01627657923	0.00785906688	0.1250124093	0.02471484764	0.6261915095	0.01628233236	0.3752292039
