:chr 1
:ExpectedMaleRecPerMeiosisArm1 = 0.133333
:ExpectedMaleRecPerMeiosisArm2 = 0
:ExpectedFemaleRecPerMeiosisArm1 = 0.666667
:ExpectedFemaleRecPerMeiosisArm2 = 0
	male	male_accumulative	female	female_accumulative	Male_recombination_fraction	Female_recombination_fraction	Avg_recombination_fraction	Kosambi_male_interval	Kosambi_male_pos	Kosambi_female_interval	Kosambi_female_pos	Kosambi_both_interval	Kosambi_both_pos
927.9668801	0.09179424236	0.09179424236	0.0516291155	0.0516291155	0.01223923231	0.03441941033	0.02332932132	0.01224167776	0.01224167776	0.03447393415	0.03447393415	0.02334627301	0.02334627301
8204.538146	0.01055708301	0.1023513254	0.06904111144	0.1206702269	0.001407611069	0.04602740763	0.02371750935	0.001407614787	0.01364929254	0.04615808615	0.0806320203	0.02373532217	0.04708159518
23852.34489	0.07724237412	0.1795936995	0.05034378499	0.1710140119	0.01029898322	0.03356252333	0.02193075327	0.01030044012	0.02394973267	0.0336130684	0.1142450887	0.02194483322	0.0690264284
25608.19361	0.06546337759	0.2450570771	0.02176674531	0.1927807572	0.008728450346	0.01451116354	0.01161980694	0.008729337154	0.03267906982	0.01451523983	0.1287603285	0.01162189949	0.0806483279
25780.76298	0.07872024636	0.3237773234	0.04743482539	0.2402155826	0.01049603285	0.03162321693	0.02105962489	0.01049757501	0.04317664483	0.03166548388	0.1604258124	0.02107209164	0.1017204195
29673.23024	0.04807750986	0.3718548333	0.04540496784	0.2856205505	0.006410334647	0.03026997856	0.0183401566	0.006410685903	0.04958733073	0.03030704079	0.1907328532	0.01834838848	0.120068808
32610.62267	0.07780933216	0.4496641655	0.07931995909	0.3649405096	0.01037457762	0.05287997272	0.03162727517	0.01037606685	0.05996339759	0.05307846362	0.2438113168	0.03166955843	0.1517383664
32841.66452	0.0363917125	0.486055878	0.06282680534	0.4277673149	0.004852228333	0.0418845369	0.02336838261	0.004852380664	0.06481577825	0.041982923	0.2857942398	0.02338541966	0.1751237861
36798.59421	0.05419607165	0.5402519496	0.05866362812	0.486430943	0.007226142887	0.03910908541	0.02316761415	0.007226646054	0.0720424243	0.03918913701	0.3249833768	0.02318421547	0.1983080016
37843.39243	0.02318312969	0.5634350793	0.06924801937	0.5556789624	0.003091083958	0.04616534625	0.0246282151	0.003091123339	0.07513354764	0.04629720723	0.3712805841	0.02464816177	0.2229561633
40324.11805	0.04337778914	0.6068128684	0.02972610516	0.5854050676	0.005783705218	0.01981740344	0.01280055433	0.005783963202	0.08091751084	0.01982779041	0.3911083745	0.012803352	0.2357595153
41426.76282	0.07275105318	0.6795639216	0.06048027057	0.6458853381	0.009700140424	0.04032018038	0.0250101604	0.009701357649	0.09061886849	0.04040792191	0.4315162964	0.02503105052	0.2607905659
66270.79014	0.04186517843	0.7214291	0.0281024945	0.6739878326	0.005582023791	0.01873499633	0.01215851006	0.005582255716	0.09620112421	0.01874377171	0.4502600681	0.01216090743	0.2729514733
75523.63638	0.008325099405	0.7297541995	0.04790947974	0.7218973124	0.001110013254	0.03193965316	0.01652483321	0.001110015078	0.09731113929	0.03198320379	0.4822432719	0.01653085374	0.289482327
78413.36544	0.0289566781	0.7587108776	0.05634634089	0.7782436532	0.003860890413	0.03756422726	0.02071255884	0.003860967152	0.1011721064	0.03763514197	0.5198784138	0.02072441891	0.3102067459
84943.68739	0.04355635942	0.802267237	0.06364715803	0.8418908113	0.00580751459	0.04243143869	0.02411947664	0.005807775773	0.1069798822	0.04253374071	0.5624121546	0.02413821145	0.3343449574
87071.74457	0.06480222022	0.8670694572	0.04480178214	0.8866925934	0.00864029603	0.02986785476	0.01925407539	0.008641156236	0.1156210384	0.02990345738	0.5923156119	0.01926360102	0.3536085584
88822.67823	0.03575435954	0.9028238167	0.04394007237	0.9306326658	0.004767247939	0.02929338158	0.01703031476	0.004767392405	0.1203884309	0.0293269664	0.6216425783	0.01703690512	0.3706454635
98702.67673	0.06521668575	0.9680405025	0.06936733421	1	0.008695558101	0.04624488948	0.02747022379	0.00869643492	0.1290848658	0.04637743558	0.6680200139	0.02749791314	0.3981433767
99846.52339	0.0319594975	1	0	1	0.004261266333	0	0.002130633167	0.004261369508	0.1333462353	0	0.6680200139	0.002130646063	0.4002740227
:chr 2
:ExpectedMaleRecPerMeiosisArm1 = 0.1333333333
:ExpectedMaleRecPerMeiosisArm2 = 0
:ExpectedFemaleRecPerMeiosisArm1 = 0.6666666667
:ExpectedFemaleRecPerMeiosisArm2 = 0
	male	male_accumulative	female	female_accumulative	Male_recombination_fraction	Female_recombination_fraction	Avg_recombination_fraction	Kosambi_male_interval	Kosambi_male_pos	Kosambi_female_interval	Kosambi_female_pos	Kosambi_both_interval	Kosambi_both_pos
2763.759625	0.09856379606	0.09856379606	0.04044012664	0.04044012664	0.01314183947	0.02696008443	0.02005096195	0.013144867	0.013144867	0.02698625788	0.02698625788	0.02006172075	0.02006172075
9331.061881	0.03350320585	0.1320670019	0.07619039141	0.116630518	0.004467094113	0.05079359427	0.02763034419	0.004467212973	0.01761207997	0.05096941346	0.07795567134	0.02765852117	0.04772024191
12783.82871	0.1097638652	0.2418308671	0.06992061319	0.1865511312	0.01463518203	0.04661374213	0.03062446208	0.01463936376	0.03225144373	0.04674949643	0.1247051678	0.03066284369	0.0783830856
13487.02321	0.08465778333	0.3264886504	0.06227639066	0.2488275219	0.01128770444	0.04151759377	0.02640264911	0.01128962262	0.04354106635	0.04161340955	0.1663185773	0.02642723063	0.1048103162
13587.126	0.04287479025	0.3693634407	0.049412718	0.2982402399	0.0057166387	0.032941812	0.01932922535	0.005716887812	0.04925795416	0.0329895995	0.1993081768	0.01933886301	0.1241491792
14465.63686	0.05913600058	0.4284994413	0.03422546922	0.3324657091	0.007884800078	0.02281697948	0.01535088978	0.007885453774	0.05714340794	0.02283283776	0.2221410146	0.01535571575	0.139504895
17526.70585	0.05454266908	0.4830421104	0.05339623434	0.3858619434	0.007272355878	0.03559748956	0.02143492272	0.007272868762	0.0644162767	0.03565781777	0.2577988324	0.02144806842	0.1609529634
24155.47181	0.04970547192	0.5327475823	0.08293294266	0.4687948861	0.006627396256	0.05528862844	0.03095801235	0.006627784418	0.07104406112	0.05551564033	0.3133144727	0.03099766375	0.1919506272
24930.20125	0.02348050625	0.5562280885	0.0318949762	0.5006898623	0.003130734167	0.02126331747	0.01219702582	0.003130775082	0.0741748362	0.02127614973	0.3345906224	0.01219944604	0.2041500732
32189.87422	0.009405291877	0.5656333804	0.02718545112	0.5278753134	0.001254038917	0.01812363408	0.009688836499	0.001254041546	0.07542887774	0.01813157768	0.3527222001	0.009690049472	0.2138401227
37554.63415	0.03234955312	0.5979829335	0.03899882536	0.5668741388	0.004313273749	0.02599921691	0.01515624533	0.004313380748	0.07974225849	0.02602268754	0.3787448876	0.01516088998	0.2290010127
39537.29888	0.07023314791	0.6682160814	0.06256254607	0.6294366849	0.009364419721	0.04170836405	0.02553639188	0.009365514869	0.08910777336	0.04180551043	0.4205503981	0.02555862999	0.2545596426
41613.39278	0.05594595843	0.7241620399	0.03032304699	0.6597597319	0.007459461124	0.02021536466	0.01383741289	0.007460014626	0.09656778799	0.02022639045	0.4407767885	0.01384094719	0.2684005898
48322.42059	0	0.7241620399	0.05472105902	0.7144807909	0	0.03648070602	0.01824035301	0	0.09656778799	0.03654564697	0.4773224355	0.01824845115	0.286649041
49963.12342	0.07254763823	0.7967096781	0.05440539059	0.7688861815	0.00967301843	0.03627026039	0.02297163941	0.009674225472	0.1062420135	0.03633408159	0.5136565171	0.02298782264	0.3096368636
63416.72952	0.08893804244	0.8856477205	0.03573428737	0.8046204688	0.01185840566	0.02382285825	0.01784063195	0.01186062981	0.1181026433	0.02384090971	0.5374974268	0.01784820902	0.3274850726
68230.96213	0.03176816876	0.9174158893	0.02868850585	0.8333089747	0.004235755835	0.01912567056	0.0116807132	0.004235857168	0.1223385004	0.01913500677	0.5566324336	0.01168283884	0.3391679115
90016.34488	0.04384338211	0.9612592714	0.09109260137	0.9244015761	0.005845784281	0.06072840092	0.0332870926	0.005846050662	0.1281845511	0.06102968899	0.6176621225	0.03333640128	0.3725043128
95226.44961	0.03874072861	1	0.01220996377	0.9366115398	0.005165430481	0.008139975848	0.006652703165	0.005165614256	0.1333501654	0.008140695094	0.6258028176	0.006653095791	0.3791574086
98934.27593	0	1	0.06338846017	1	0	0.04225897345	0.02112948672	0	0.1333501654	0.04236002953	0.6681628472	0.02114207804	0.4002994866
:chr 3
:ExpectedMaleRecPerMeiosisArm1 = 0.1333333333
:ExpectedMaleRecPerMeiosisArm2 = 0
:ExpectedFemaleRecPerMeiosisArm1 = 0.6666666667
:ExpectedFemaleRecPerMeiosisArm2 = 0
	male	male_accumulative	female	female_accumulative	Male_recombination_fraction	Female_recombination_fraction	Avg_recombination_fraction	Kosambi_male_interval	Kosambi_male_pos	Kosambi_female_interval	Kosambi_female_pos	Kosambi_both_interval	Kosambi_both_pos
4286.319904	0.05358205146	0.05358205146	0.03206815653	0.03206815653	0.007144273528	0.02137877102	0.01426152227	0.007144759785	0.007144759785	0.02139181361	0.02139181361	0.01426539172	0.01426539172
8167.093949	0.05367098845	0.1072530399	0.02645428214	0.05852243867	0.007156131794	0.01763618809	0.01239615994	0.007156620477	0.01430138026	0.01764350752	0.03903532113	0.01239870068	0.0266640924
27790.60538	0.07397467755	0.1812277175	0.05558875169	0.1141111904	0.00986329034	0.03705916779	0.02346122907	0.009864570032	0.02416595029	0.03712725421	0.07616257534	0.02347847018	0.05014256258
32899.34314	0	0.1812277175	0.05125028462	0.165361475	0	0.03416685641	0.01708342821	0	0.02416595029	0.03422018658	0.1103827619	0.01709008045	0.06723264303
34414.27244	0.1111682033	0.2923959208	0.0701058444	0.2354673194	0.01482242711	0.0467372296	0.03077982836	0.01482677147	0.03899272176	0.04687406949	0.1572568314	0.03081879799	0.09805144102
36918.34129	0.06948713161	0.3618830524	0.01725697109	0.2527242905	0.009264950882	0.0115046474	0.01038479914	0.009266011496	0.04825873326	0.01150667833	0.1687635097	0.01038629278	0.1084377338
41332.1084	0.03308486219	0.3949679146	0.03368534748	0.2864096379	0.004411314959	0.02245689832	0.01343410664	0.004411429421	0.05267016268	0.02247201701	0.1912355267	0.01343734074	0.1218750745
45958.814	0.05017768646	0.445145601	0.05197314807	0.338382786	0.006690358195	0.03464876538	0.02066956179	0.006690757526	0.05936092021	0.03470438857	0.2259399153	0.02068134811	0.1425564226
49617.87208	0.02369463437	0.4688402354	0.08711140637	0.4254941924	0.003159284582	0.05807427091	0.03061677775	0.003159326627	0.06252024683	0.05833755532	0.2842774706	0.03065513043	0.1732115531
56899.08105	0.06272359908	0.5315638345	0.04252407484	0.4680182672	0.008363146544	0.02834938322	0.01835626488	0.008363926591	0.07088417342	0.02837982068	0.3126572913	0.01836451848	0.1915760715
58449.11665	0.05914877647	0.5907126109	0.0619308605	0.5299491277	0.00788650353	0.04128724033	0.02458687193	0.007887157649	0.07877133107	0.04138146575	0.3540387571	0.02460671822	0.2161827898
62189.9477	0.05707296791	0.6477855789	0.04343704887	0.5733861766	0.007609729055	0.02895803258	0.01828388082	0.007610316689	0.08638164776	0.02899047559	0.3830292327	0.0182920371	0.2344748269
64091.63687	0.03160524102	0.6793908199	0.008254425087	0.5816406017	0.004214032136	0.005502950058	0.004858491097	0.004214131918	0.09059577968	0.005503172265	0.3885324049	0.004858644018	0.2393334709
64803.70697	0.05439231121	0.7337831311	0.06547407926	0.6471146809	0.007252308162	0.04364938618	0.02545084717	0.007252816815	0.09784859649	0.04376078108	0.432293186	0.0254728623	0.2648063332
69176.21422	0.03539714704	0.7691802781	0.0445807381	0.691695419	0.004719619605	0.02972049207	0.01722005584	0.004719759784	0.1025683563	0.02975556958	0.4620487556	0.01722686904	0.2820332022
71134.44966	0.04657726352	0.8157575417	0.04924822022	0.7409436393	0.006210301803	0.03283214681	0.01952122431	0.00621062119	0.1087789775	0.03287945781	0.4949282134	0.01953115221	0.3015643544
71546.84303	0.06373684575	0.8794943874	0.05112258012	0.7920662194	0.008498246101	0.03408172008	0.02128998309	0.008499064569	0.117278042	0.03413465183	0.5290628652	0.02130286373	0.3228672182
82607.41559	0.05311521833	0.9326096057	0.08434094537	0.8764071647	0.007082029111	0.05622729691	0.03165466301	0.007082502768	0.1243605448	0.05646612919	0.5855289944	0.03169705638	0.3545642746
88410.37856	0.02188405378	0.9544936595	0.07764771853	0.9540548833	0.002917873837	0.05176514569	0.02734150976	0.002917906962	0.1272784518	0.0519512929	0.6374802873	0.02736881125	0.3819330858
93648.30301	0.04550634048	1	0.04594511673	1	0.006067512064	0.03063007782	0.01834879494	0.006067809922	0.1333462617	0.03066848058	0.6681487679	0.01835703846	0.4002901243
:chr 4
:ExpectedMaleRecPerMeiosisArm1 = 0.1333333333
:ExpectedMaleRecPerMeiosisArm2 = 0
:ExpectedFemaleRecPerMeiosisArm1 = 0.6666666667
:ExpectedFemaleRecPerMeiosisArm2 = 0
	male	male_accumulative	female	female_accumulative	Male_recombination_fraction	Female_recombination_fraction	Avg_recombination_fraction	Kosambi_male_interval	Kosambi_male_pos	Kosambi_female_interval	Kosambi_female_pos	Kosambi_both_interval	Kosambi_both_pos
8640.071194	0.01776221314	0.01776221314	0.03754127515	0.03754127515	0.002368295086	0.02502751676	0.01369790592	0.002368312797	0.002368312797	0.02504845044	0.02504845044	0.01370133437	0.01370133437
11196.20968	0.03324197088	0.05100418403	0.05089847409	0.08843974924	0.004432262785	0.03393231606	0.01918228942	0.004432378886	0.006800691683	0.03398455347	0.05903300392	0.01919170884	0.0328930432
25311.73435	0.04058563912	0.09158982315	0.06827183439	0.1567115836	0.00541141855	0.04551455626	0.02546298741	0.005411629851	0.01221232153	0.04564090076	0.1046739047	0.02548503409	0.05837807729
31016.72783	0.05618689763	0.1477767208	0.06486664982	0.2215782335	0.007491586351	0.04324443322	0.02536800978	0.007492147036	0.01970446857	0.04335274723	0.1480266519	0.02538981043	0.08376788773
31507.22782	0.02655689949	0.1743336203	0.02258406819	0.2441623016	0.003540919932	0.01505604546	0.009298482695	0.003540979129	0.0232454477	0.01506059856	0.1630872505	0.009299554868	0.09306744259
35672.46433	0.06226599473	0.236599615	0.01635167343	0.2605139751	0.008302132631	0.01090111562	0.009601624127	0.008302895728	0.03154834343	0.01090284335	0.1739900938	0.009602804635	0.1026702472
37282.27389	0.07368528433	0.3102848993	0.02865666996	0.289170645	0.009824704577	0.01910444664	0.01446457561	0.009825969307	0.04137431273	0.01911375177	0.1931038456	0.01446861275	0.11713886
47512.7524	0.04033787059	0.3506227699	0.02209289438	0.3112635394	0.005378382745	0.01472859625	0.0100534895	0.005378590201	0.04675290293	0.0147328586	0.2078367042	0.01005484467	0.1271937046
49350.02483	0.06756814235	0.4181909123	0.08093148125	0.3921950207	0.009009085647	0.05395432083	0.03148170324	0.009010060784	0.05576296372	0.05416521589	0.2620019201	0.0315234044	0.158717109
51817.20957	0.05983997796	0.4780308902	0.07741995459	0.4696149752	0.007978663727	0.05161330306	0.02979598339	0.00797934105	0.06374230477	0.05179780998	0.3137997301	0.02983132926	0.1885484383
54492.19427	0	0.4780308902	0.07940518033	0.5490201556	0	0.05293678688	0.02646839344	0	0.06374230477	0.05313592114	0.3669356512	0.02649315925	0.2150415976
58014.71595	0.06992187896	0.5479527692	0	0.5490201556	0.009322917195	0	0.004661458597	0.009323997844	0.07306630261	0	0.3669356512	0.004661593657	0.2197031912
68771.09239	0.08368035124	0.6316331204	0.07252684688	0.6215470025	0.01115738017	0.04835123125	0.02975430571	0.01115923265	0.08422553527	0.04850279928	0.4154384505	0.02978950325	0.2494926945
76912.22935	0.0346669901	0.6663001105	0.07810628028	0.6996532827	0.004622265347	0.05207085352	0.02834655943	0.004622397029	0.08884793229	0.05226033278	0.4676987833	0.02837698779	0.2778696823
86564.67208	0.05108097214	0.7173810827	0.04726875216	0.7469220349	0.006810796286	0.03151250144	0.01916164886	0.006811217575	0.09565914987	0.0315543253	0.4992531086	0.01917103788	0.2970407201
88278.11213	0.06498267722	0.7823637599	0.07756008313	0.824482118	0.008664356962	0.05170672209	0.03018553952	0.008665224375	0.1043243742	0.05189223702	0.5511453456	0.03022229201	0.3272630121
94748.11292	0.06846805704	0.8508318169	0.05717061668	0.8816527347	0.009129074272	0.03811374445	0.02362140936	0.009130088898	0.1134544631	0.03818782452	0.5893331701	0.02363900635	0.3509020185
95411.89088	0.06838246578	0.9192142827	0.08058339152	0.9622361262	0.009117662105	0.05372226101	0.03141996156	0.009118672929	0.1225731361	0.05393043394	0.6432636041	0.03146141746	0.382363436
98077.92841	0.04544998493	0.9646642677	0.03776387378	1	0.006059997991	0.02517591585	0.01561795692	0.006060294744	0.1286334308	0.0251972245	0.6684608286	0.01562303929	0.3979864752
98818.1109	0.03533573234	1	0	1	0.004711430979	0	0.002355715489	0.004711570429	0.1333450012	0	0.6684608286	0.00235573292	0.4003422082
:chr 5
:ExpectedMaleRecPerMeiosisArm1 = 0.1333333333
:ExpectedMaleRecPerMeiosisArm2 = 0
:ExpectedFemaleRecPerMeiosisArm1 = 0.6666666667
:ExpectedFemaleRecPerMeiosisArm2 = 0
	male	male_accumulative	female	female_accumulative	Male_recombination_fraction	Female_recombination_fraction	Avg_recombination_fraction	Kosambi_male_interval	Kosambi_male_pos	Kosambi_female_interval	Kosambi_female_pos	Kosambi_both_interval	Kosambi_both_pos
3544.088548	0.03801159658	0.03801159658	0.04563329584	0.04563329584	0.005068212877	0.03042219723	0.01774520505	0.005068386469	0.005068386469	0.03045982224	0.03045982224	0.01775266113	0.01775266113
6357.90881	0.05348785393	0.09149945051	0	0.04563329584	0.007131713857	0	0.003565856929	0.007132197554	0.01220058402	0	0.03045982224	0.003565917385	0.02131857851
7016.692639	0.04491552862	0.1364149791	0.02563587106	0.0712691669	0.00598873715	0.01709058071	0.01153965893	0.005989023556	0.01818960758	0.01709724131	0.04755706355	0.01154170847	0.03286028698
14854.52788	0.08354725025	0.2199622294	0.02424684146	0.09551600836	0.01113963337	0.01616456097	0.01365209717	0.01114147703	0.02933108461	0.01617019609	0.06372725964	0.01365549132	0.0465157783
19143.74969	0.06258239692	0.2825446263	0.04944710997	0.1449631183	0.008344319589	0.03296473998	0.02065452978	0.008345094379	0.03767617898	0.03301262751	0.09673988714	0.02066629039	0.06718206869
24634.92938	0.04666312908	0.3292077554	0.07291847311	0.2178815914	0.006221750544	0.04861231541	0.02741703298	0.0062220717	0.04389825068	0.04876636143	0.1455062486	0.0274445616	0.09462663029
25591.44521	0.03781533705	0.3670230924	0.06077185806	0.2786534495	0.00504204494	0.04051457204	0.02277830849	0.005042215857	0.04894046654	0.04060359213	0.1861098407	0.02279408622	0.1174207165
36240.25068	0.03606050809	0.4030836005	0.08599864537	0.3646520949	0.004808067746	0.05733243025	0.031070249	0.004808215955	0.0537486825	0.05758570078	0.2436955415	0.03111033389	0.1485310504
53321.66359	0.03758648449	0.440670085	0.04025335461	0.4049054495	0.005011531265	0.02683556974	0.0159235505	0.005011699098	0.05876038159	0.0268613818	0.2705569233	0.0159289372	0.1644599876
60274.33875	0.0386266032	0.4792966882	0.05053238404	0.4554378335	0.00515021376	0.03368825602	0.01941923489	0.005150395916	0.06391077751	0.03373937233	0.3042962956	0.0194290079	0.1838889955
61197.50084	0.07861509449	0.5579117827	0.04061496153	0.496052795	0.0104820126	0.02707664102	0.01877932681	0.01048354858	0.07439432609	0.02710315581	0.3313994514	0.01878816466	0.2026771602
66644.82144	0.05120986962	0.6091216523	0.07453466226	0.5705874573	0.006827982616	0.04968977484	0.02825887873	0.006828407103	0.0812227332	0.04985433471	0.3812537862	0.02828902523	0.2309661854
73460.25657	0.07945926847	0.6885809208	0.05034051963	0.6209279769	0.01059456913	0.03356034642	0.02207745778	0.01059615514	0.09181888834	0.03361088164	0.4148646678	0.0220918224	0.2530580078
73809.54375	0.07166753493	0.7602484557	0.05305102473	0.6739790017	0.009555671324	0.03536734982	0.02246151057	0.009556834961	0.1013757233	0.03542651317	0.450291181	0.02247663859	0.2755346464
78018.8985	0.07824818165	0.8384966374	0.03873422272	0.7127132244	0.01043309089	0.02582281515	0.01812795302	0.01043460546	0.1118103288	0.02584581077	0.4761369917	0.0181359023	0.2936705487
82373.84468	0.02711494797	0.8656115853	0.04185045457	0.754563679	0.003615326396	0.02790030305	0.01575781472	0.003615389404	0.1154257182	0.02792931506	0.5040663068	0.0157630349	0.3094335836
85144.66047	0.04372873316	0.9093403185	0.02079345423	0.7753571332	0.005830497754	0.01386230282	0.009846400287	0.005830762051	0.1212564802	0.01386585623	0.517932163	0.009847673415	0.319281257
85744.23859	0.02931911699	0.9386594355	0.09010414677	0.86546128	0.003909215599	0.06006943118	0.03198932339	0.003909295256	0.1251657755	0.06036096099	0.578293124	0.03203307785	0.3513143349
90851.29089	0.0331053397	0.9717647752	0.05935880449	0.9248200844	0.004414045294	0.03957253632	0.02199329081	0.004414159969	0.1295799354	0.03965547496	0.617948599	0.02200749165	0.3733218265
93309.64712	0.02823522481	1	0.07517991555	1	0.003764696642	0.0501199437	0.02694232017	0.003764767787	0.1333447032	0.05028883206	0.668237431	0.02696844186	0.4002902684
:chr 6
:ExpectedMaleRecPerMeiosisArm1 = 0.1333333333
:ExpectedMaleRecPerMeiosisArm2 = 0
:ExpectedFemaleRecPerMeiosisArm1 = 0.6666666667
:ExpectedFemaleRecPerMeiosisArm2 = 0
	male	male_accumulative	female	female_accumulative	Male_recombination_fraction	Female_recombination_fraction	Avg_recombination_fraction	Kosambi_male_interval	Kosambi_male_pos	Kosambi_female_interval	Kosambi_female_pos	Kosambi_both_interval	Kosambi_both_pos
12789.28579	0.04750271911	0.04750271911	0.05267716807	0.05267716807	0.006333695881	0.03511811204	0.02072590396	0.006334034688	0.006334034688	0.03517603095	0.03517603095	0.02073778699	0.02073778699
15131.14884	0.05992001263	0.1074227317	0.02359557044	0.07627273851	0.007989335017	0.01573038029	0.01185985766	0.007990015061	0.01432404975	0.01573557325	0.05091160419	0.01186208262	0.03259986962
15231.42062	0.05226790246	0.1596906342	0.06264016407	0.1389129026	0.006969053661	0.04176010938	0.02436458152	0.006969505008	0.02129355476	0.0418576188	0.092769223	0.02438389386	0.05698376348
15708.23244	0.02047517563	0.1801658098	0.02947179424	0.1683846968	0.002730023417	0.01964786283	0.01118894312	0.002730050547	0.0240236053	0.01965798532	0.1124272083	0.01119081138	0.06817457486
36005.6928	0.03704438948	0.2172101993	0.04948040371	0.2178651005	0.00493925193	0.0329869358	0.01896309387	0.004939412605	0.02896301791	0.03303492029	0.1454621286	0.01897219387	0.08714676873
38717.19536	0.05064832766	0.267858527	0.09558958161	0.3134546821	0.006753110354	0.06372638774	0.03523974905	0.006753521029	0.03571653894	0.06407485202	0.2095369806	0.03529827308	0.1224450418
38998.51867	0.03991048452	0.3077690115	0.03883628811	0.3522909703	0.005321397936	0.02589085874	0.01560612834	0.005321598867	0.0410381378	0.02591403683	0.2354510175	0.01561119916	0.138056241
39524.1372	0.05542759056	0.363196602	0.02519206361	0.3774830339	0.007390345408	0.01679470908	0.01209252724	0.007390883665	0.04842902147	0.01680102956	0.252252047	0.01209488578	0.1501511267
40513.4258	0.05030773124	0.4135043333	0.04033742366	0.4178204575	0.006707697499	0.02689161578	0.01679965664	0.006708099943	0.05513712141	0.02691759009	0.2791696371	0.01680598271	0.1669571095
46605.87103	0.04934801813	0.4628523514	0.04942847832	0.4672489358	0.006579735751	0.03295231888	0.01976602731	0.006580115599	0.06171723701	0.0330001522	0.3121697893	0.01977633365	0.1867334431
48376.26314	0.0364671717	0.4993195231	0.06427956325	0.5315284991	0.004862289559	0.04285304216	0.02385766586	0.00486244284	0.06657967985	0.04295843319	0.3551282225	0.02387579664	0.2106092397
48424.17694	0.05505555812	0.5543750812	0.08034066357	0.6118691627	0.007340741083	0.05356044238	0.03045059173	0.007341268574	0.07392094842	0.05376673116	0.4088949537	0.03048832235	0.2410975621
50553.52079	0.09380515403	0.6481802353	0.05190929696	0.6637784596	0.01250735387	0.03460619798	0.02355677592	0.01250996362	0.08643091204	0.03466161601	0.4435565697	0.02357422873	0.2646717908
53378.29639	0.04285863493	0.6910388702	0.03413164809	0.6979101077	0.005714484657	0.02275443206	0.01423445836	0.005714733488	0.09214564553	0.02277016018	0.4663267298	0.01423830581	0.2789100966
71281.45097	0.05824481518	0.7492836854	0.03472901409	0.7326391218	0.007765975357	0.02315267606	0.01545932571	0.007766599939	0.09991224547	0.02316924526	0.4894959751	0.01546425472	0.2943743513
75074.97555	0.02790494018	0.7771886255	0.09482510464	0.8274642265	0.00372065869	0.06321673643	0.03346869756	0.003720727367	0.1036329728	0.06355685335	0.5530528285	0.03351881916	0.3278931705
88523.7276	0.06665526999	0.8438438955	0.01842861111	0.8458928376	0.008887369333	0.01228574074	0.01058655504	0.008888305473	0.1125212783	0.01228821417	0.5653410426	0.01058813745	0.3384813079
94141.74225	0.05190204331	0.8957459388	0.03832830672	0.8842211443	0.006920272441	0.02555220448	0.01623623846	0.006920714376	0.1194419927	0.02557448397	0.5909155266	0.01624194891	0.3547232569
94736.10408	0.02926000198	0.9250059408	0.05469976093	0.9389209052	0.003901333597	0.03646650729	0.02018392044	0.003901412773	0.1233434055	0.03653137228	0.6274468989	0.02019489483	0.3749181517
96408.85935	0.07499405918	1	0.06107909478	1	0.00999920789	0.04071939652	0.0253593022	0.01000054123	0.1333439467	0.04080977722	0.6682566761	0.02538108039	0.4002992321
:chr 7
:ExpectedMaleRecPerMeiosisArm1 = 0.1333333333
:ExpectedMaleRecPerMeiosisArm2 = 0
:ExpectedFemaleRecPerMeiosisArm1 = 0.6666666667
:ExpectedFemaleRecPerMeiosisArm2 = 0
	male	male_accumulative	female	female_accumulative	Male_recombination_fraction	Female_recombination_fraction	Avg_recombination_fraction	Kosambi_male_interval	Kosambi_male_pos	Kosambi_female_interval	Kosambi_female_pos	Kosambi_both_interval	Kosambi_both_pos
8120.590824	0.05414323516	0.05414323516	0.02037021702	0.02037021702	0.007219098021	0.01358014468	0.01039962135	0.007219599718	0.007219599718	0.01358348543	0.01358348543	0.01040112139	0.01040112139
16512.35144	0.059126996	0.1132702312	0.0365557649	0.05692598191	0.007883599467	0.02437050993	0.0161270547	0.007884252864	0.01510385258	0.02438983639	0.03797332182	0.01613265067	0.02653377206
19103.07692	0.06377470892	0.1770449401	0.1044545935	0.1613805754	0.008503294523	0.06963639565	0.03906984508	0.008504114451	0.02360796703	0.070091953	0.1080652748	0.03914965537	0.06568342743
21128.51642	0.03133657435	0.2083815144	0.007337769199	0.1687183446	0.004178209913	0.004891846132	0.004535028023	0.004178307171	0.0277862742	0.004892002225	0.112957277	0.004535152388	0.07021857982
23257.33123	0.05794380737	0.2663253218	0.03613566951	0.2048540141	0.007725840983	0.02409044634	0.01590814366	0.007726455931	0.03551273014	0.02410911352	0.1370663906	0.01591351474	0.08613209455
27440.51638	0.05301172579	0.3193370476	0.05937987692	0.264233891	0.007068230105	0.03958658461	0.02332740736	0.007068700999	0.04258143113	0.03966961183	0.1767360024	0.02334435487	0.1094764494
28101.97776	0.0590504313	0.3783874789	0.09218580067	0.3564196917	0.00787339084	0.06145720045	0.03466529564	0.007874041702	0.05045547284	0.06176953404	0.2385055364	0.03472099863	0.1441974481
35823.13616	0.07037729592	0.4487647748	0.06111234511	0.4175320368	0.009383639456	0.04074156341	0.02506260143	0.009384741362	0.0598402142	0.04083209219	0.2793376286	0.02508362336	0.1692810714
41069.00978	0.04401401916	0.492778794	0.006650229447	0.4241822662	0.005868535888	0.004433486298	0.005151011093	0.005868805391	0.06570901959	0.004433602495	0.2837712311	0.005151193333	0.1744322647
42086.02507	0.03688237719	0.5296611712	0.08595241452	0.5101346808	0.004917650292	0.05730160968	0.03110962999	0.004917808868	0.07062682846	0.05755446981	0.3413257009	0.03114986773	0.2055821325
45894.58296	0.06530673598	0.5949679071	0.05322626191	0.5633609427	0.008707564798	0.03548417461	0.0220958697	0.008708445254	0.07933527371	0.03554392737	0.3768696283	0.02211027033	0.2276924028
53819.01555	0.06419238567	0.6591602928	0.03452362077	0.5978845634	0.008558984756	0.02301574718	0.01578736597	0.008559820902	0.08789509461	0.02303202389	0.3999016522	0.01579261559	0.2434850184
66907.25962	0.05772875358	0.7168890464	0.0568813202	0.6547658836	0.007697167144	0.03792088013	0.02280902364	0.00769777527	0.09559286988	0.03799383871	0.4378954909	0.02282486533	0.2663098837
68816.00216	0.03033916803	0.7472282144	0.07341893617	0.7281848198	0.004045222404	0.04894595745	0.02649558993	0.004045310668	0.09963818055	0.04910320947	0.4869987004	0.02652043224	0.292830316
73329.0084	0.05527553017	0.8025037446	0.0363548821	0.7645397019	0.007370070689	0.02423658806	0.01580332938	0.007370604528	0.1070087851	0.02425559736	0.5112542978	0.01580859494	0.3086389109
76536.51054	0.06426632308	0.8667700677	0.05524661605	0.819786318	0.008568843077	0.03683107737	0.02269996022	0.008569682115	0.1155784672	0.03689791162	0.5481522094	0.02271557557	0.3313544865
79035.57237	0.03826938343	0.9050394511	0.06450927367	0.8842955916	0.005102584457	0.04300618245	0.02405438345	0.005102761606	0.1206812288	0.04311271078	0.5912649202	0.02407296685	0.3554274533
81022.4593	0.0299186575	0.9349581086	0.05828819507	0.9425837867	0.003989154333	0.03885879671	0.02142397552	0.003989238978	0.1246704678	0.0389373175	0.6302022376	0.02143710108	0.3768645544
85617.83218	0.02018616293	0.9551442715	0.03610870752	0.9786924942	0.00269148839	0.02407247168	0.01338198004	0.002691514387	0.1273619822	0.02409109707	0.6542933347	0.01338517662	0.390249731
99225.70749	0.04485572847	1	0.02130750578	1	0.005980763796	0.01420500385	0.01009288382	0.005981049059	0.1333430312	0.01420882746	0.6685021622	0.01009425499	0.400343986
:chr 8
:ExpectedMaleRecPerMeiosisArm1 = 0.1333333333
:ExpectedMaleRecPerMeiosisArm2 = 0
:ExpectedFemaleRecPerMeiosisArm1 = 0.6666666667
:ExpectedFemaleRecPerMeiosisArm2 = 0
	male	male_accumulative	female	female_accumulative	Male_recombination_fraction	Female_recombination_fraction	Avg_recombination_fraction	Kosambi_male_interval	Kosambi_male_pos	Kosambi_female_interval	Kosambi_female_pos	Kosambi_both_interval	Kosambi_both_pos
16466.54811	0.02126833861	0.02126833861	0.04045416049	0.04045416049	0.002835778482	0.02696944033	0.0149026094	0.002835808888	0.002835808888	0.02699564107	0.02699564107	0.01490702467	0.01490702467
18960.29572	0.06591556871	0.08718390732	0.04777698782	0.08823114831	0.008788742495	0.03185132521	0.02032003385	0.008789647809	0.0116254567	0.03189451494	0.05889015601	0.02033123191	0.03523825659
31438.35814	0.0257116873	0.1128955946	0.06935322167	0.15758437	0.003428224973	0.04623548111	0.02483185304	0.003428278696	0.01505373539	0.04636794606	0.1052581021	0.0248522991	0.06009055568
32359.50243	0.02419846946	0.1370940641	0.08191991793	0.2395042879	0.003226462595	0.05461327862	0.02891987061	0.00322650738	0.01828024277	0.0548320335	0.1600901356	0.02895218535	0.08904274103
34196.45123	0.03546033876	0.1725544028	0.0004442070695	0.239948495	0.004728045168	0.0002961380463	0.002512091607	0.004728186099	0.02300842887	0.0002961380809	0.1603862737	0.002512112745	0.09155485378
35469.81464	0.05516364442	0.2277180473	0.02882767676	0.2687761717	0.00735515259	0.01921845117	0.01328680188	0.007355683193	0.03036411207	0.01922792399	0.1796141976	0.01328993073	0.1048447845
44513.31405	0.03728147961	0.2649995269	0.03265148932	0.3014276611	0.004970863948	0.02176765955	0.01336926175	0.004971027728	0.03533513979	0.02178142746	0.2013956251	0.01337244923	0.1182172337
46741.77325	0.08945711937	0.3544566462	0.02958478783	0.3310124489	0.01192761592	0.01972319189	0.0158254039	0.01192987925	0.04726501904	0.01973343132	0.2211290564	0.01583069157	0.1340479253
56566.69589	0.05969460873	0.414151255	0.05922353242	0.3902359813	0.007959281164	0.03948235495	0.02372081806	0.007959953562	0.0552249726	0.03956472644	0.2606937829	0.02373863835	0.1577865637
61873.57761	0.07846648819	0.4926177432	0.07734490149	0.4675808828	0.01046219842	0.05156326766	0.03101273304	0.01046372572	0.06568869832	0.05174723621	0.3124410191	0.0310525954	0.188839159
63812.59796	0.03844513314	0.5310628763	0.07570832819	0.543289211	0.005126017752	0.05047221879	0.02779911827	0.005126197352	0.07081489567	0.0506447082	0.3630857273	0.02782781539	0.2166669744
64130.32569	0.06665194813	0.5977148244	0.02535050526	0.5686397163	0.008886926418	0.01690033684	0.01289363163	0.008887862418	0.07970275809	0.01690677738	0.3799925047	0.01289649078	0.2295634652
71408.28332	0.06288288269	0.6605977071	0.07313697963	0.6417766959	0.008384384358	0.04875798642	0.02857118539	0.008385170364	0.08808792845	0.04891342677	0.4289059314	0.02860234381	0.258165809
72251.98916	0.04834876626	0.7089464734	0.02947697674	0.6712536726	0.006446502168	0.01965131783	0.01304891	0.006446859403	0.09453478785	0.01966144566	0.4485673771	0.01305187373	0.2712176828
73095.634	0.05868473387	0.7676312073	0.06137432108	0.7326279937	0.007824631183	0.04091621405	0.02437042262	0.007825270026	0.1023600579	0.04100791522	0.4895752923	0.02438974887	0.2956074316
79020.71991	0.09081514223	0.8584463495	0.07802760574	0.8106555994	0.01210868563	0.05201840382	0.03206354473	0.01211105364	0.1144711115	0.05220730859	0.5417826009	0.03210760495	0.3277150366
79113.05752	0.05812783072	0.9165741802	0.07657166615	0.8872272656	0.00775037743	0.05104777743	0.02939907743	0.007750998256	0.1222221098	0.05122626056	0.5930088615	0.02943302761	0.3571480642
80423.36878	0.03160917975	0.94818336	0	0.8872272656	0.0042145573	0	0.00210727865	0.004214657119	0.1264367669	0	0.5930088615	0.002107291127	0.3592553553
81951.14083	0.0190508331	0.9672341931	0.04606985736	0.9332971229	0.002540111081	0.03071323824	0.01662667466	0.002540132933	0.1289768998	0.03075195512	0.6237608166	0.01663280724	0.3758881626
90240.02728	0.03276580694	1	0.06670287706	1	0.004368774258	0.0444685847	0.02441867948	0.004368885441	0.1333457853	0.04458639047	0.6683472071	0.02443812087	0.4003262834
:chr 9
:ExpectedMaleRecPerMeiosisArm1 = 0.1333333333
:ExpectedMaleRecPerMeiosisArm2 = 0
:ExpectedFemaleRecPerMeiosisArm1 = 0.6666666667
:ExpectedFemaleRecPerMeiosisArm2 = 0
	male	male_accumulative	female	female_accumulative	Male_recombination_fraction	Female_recombination_fraction	Avg_recombination_fraction	Kosambi_male_interval	Kosambi_male_pos	Kosambi_female_interval	Kosambi_female_pos	Kosambi_both_interval	Kosambi_both_pos
17332.09771	0.05286732252	0.05286732252	0.02126270843	0.02126270843	0.007048976336	0.01417513895	0.01061205764	0.007049443392	0.007049443392	0.01417893848	0.01417893848	0.01061365152	0.01061365152
22217.75112	0.07693347072	0.1298007932	0.03115708944	0.05241979786	0.0102577961	0.02077139296	0.01551459453	0.01025923559	0.01730867898	0.02078335446	0.03496229294	0.01551957661	0.02613322813
23110.09775	0.0602938947	0.1900946879	0.009662585577	0.06208238344	0.00803918596	0.006441723718	0.007240454839	0.008039878815	0.0253485578	0.006442080159	0.0414043731	0.007240961002	0.03337418913
23482.19157	0.02492551844	0.2150202064	0	0.06208238344	0.003323402459	0	0.00166170123	0.003323451403	0.0286720092	0	0.0414043731	0.001661707347	0.03503589648
25229.71207	0.03057428186	0.2455944882	0.06423633803	0.1263187215	0.004076570915	0.04282422535	0.02345039813	0.004076661247	0.03274867045	0.04292940328	0.08433377638	0.02346761536	0.05850351184
30337.43055	0.07454903119	0.3201435194	0.05503027965	0.1813490011	0.009939870826	0.0366868531	0.02331336196	0.009941180563	0.04268985101	0.0367529036	0.12108668	0.02333027885	0.08183379069
32820.53668	0.04460069569	0.3647442151	0.06059843886	0.24194744	0.005946759426	0.04039895924	0.02317285933	0.005947039851	0.04863689086	0.04048721743	0.1615738974	0.02318947194	0.1050232626
33908.2603	0.06237516082	0.4271193759	0.07765221435	0.3195996543	0.008316688109	0.0517681429	0.0300424155	0.008317455227	0.05695434609	0.05195432259	0.21352822	0.03007864693	0.1351019096
34386.17481	0.06019443662	0.4873138126	0.06125984156	0.3808594959	0.008025924882	0.04083989437	0.02443290963	0.008026614314	0.0649809604	0.04093108199	0.254459302	0.02445238506	0.1595542946
44472.63239	0.06727881315	0.5545926257	0.0422632052	0.4231227011	0.00897050842	0.02817547014	0.01857298928	0.008971471082	0.07395243148	0.02820535015	0.2826646521	0.01858153884	0.1781358335
47870.39698	0.05375262052	0.6083452462	0.10214867	0.525271371	0.00716701607	0.0680991133	0.03763306469	0.007167506986	0.08111993847	0.06852494144	0.3511895936	0.03770437086	0.2158402043
50257.1108	0.05375442511	0.6620996713	0.04896703481	0.5742384059	0.007167256681	0.03264468987	0.01990597328	0.007167747647	0.08828768612	0.03269119374	0.3838807873	0.01991650022	0.2357567045
50365.68257	0.02250109483	0.6846007662	0.03168408361	0.6059224895	0.003000145977	0.02112272241	0.01206143419	0.003000181983	0.0912878681	0.02113530163	0.405016089	0.01206377458	0.2478204791
74316.68354	0.03882835063	0.7234291168	0.08687957933	0.6928020688	0.005177113418	0.05791971955	0.03154841648	0.005177298442	0.09646516654	0.05818089617	0.4631969851	0.03159038374	0.2794108629
74718.07812	0.06179202898	0.7852211458	0.1029718186	0.7957738874	0.008238937197	0.06864787907	0.03844340813	0.008239682998	0.1047048495	0.06908416459	0.5322811497	0.03851943176	0.3179302946
84795.32687	0.06669011225	0.851911258	0.03817786834	0.8339517557	0.008892014966	0.02545191222	0.0171719636	0.008892952575	0.1135978021	0.02547393013	0.5577550798	0.01717871985	0.3351090145
89030.45011	0.05077779583	0.9026890539	0.001678514759	0.8356302705	0.006770372778	0.001119009839	0.003944691309	0.00677078661	0.1203685887	0.001119011708	0.5588740916	0.003944773154	0.3390537876
93868.61473	0.03731251543	0.9400015693	0.0831143401	0.9187446106	0.004975002057	0.05540956007	0.03019228106	0.004975166246	0.125343755	0.05563807225	0.6145121638	0.03022905821	0.3692828458
96999.7263	0.01149991725	0.9515014865	0.08125538941	1	0.001533322301	0.05417025961	0.02785179096	0.001533327107	0.1268770821	0.05438370905	0.6688958729	0.02788065171	0.3971634975
99392.46764	0.04849851346	1	0	1	0.006466468461	0	0.00323323423	0.006466829026	0.1333439111	0	0.6688958729	0.003233279298	0.4003967768
:chr 10
:ExpectedMaleRecPerMeiosisArm1 = 0.1333333333
:ExpectedMaleRecPerMeiosisArm2 = 0
:ExpectedFemaleRecPerMeiosisArm1 = 0.6666666667
:ExpectedFemaleRecPerMeiosisArm2 = 0
	male	male_accumulative	female	female_accumulative	Male_recombination_fraction	Female_recombination_fraction	Avg_recombination_fraction	Kosambi_male_interval	Kosambi_male_pos	Kosambi_female_interval	Kosambi_female_pos	Kosambi_both_interval	Kosambi_both_pos
716.7509294	0.06278258362	0.06278258362	0.03659224777	0.03659224777	0.00837101115	0.02439483185	0.0163829215	0.0083717934	0.0083717934	0.02441421628	0.02441421628	0.01638878818	0.01638878818
17437.80017	0.05061852285	0.1134011065	0.07449050731	0.1110827551	0.00674913638	0.04966033821	0.02820473729	0.00674954633	0.01512133973	0.04982460463	0.07423882092	0.02823471064	0.04462349882
25697.56565	0.05238207174	0.1657831782	0.02368744471	0.1347701998	0.006984276232	0.0157916298	0.01138795302	0.006984730544	0.02210607027	0.01579688368	0.09003570459	0.01138992277	0.05601342159
36881.20094	0	0.1657831782	0.0505890443	0.1853592441	0	0.03372602953	0.01686301477	0	0.02210607027	0.03377731829	0.1238130229	0.01686941272	0.0728828343
38889.63057	0.05148816788	0.2172713461	0.05700685661	0.2423661007	0.006865089051	0.03800457107	0.02243483006	0.006865520497	0.02897159077	0.0380780149	0.1618910378	0.02244990419	0.09533273849
39322.06311	0.03961803997	0.2568893861	0.03191934482	0.2742854455	0.005282405329	0.02127956322	0.01328098427	0.005282601875	0.03425419264	0.02129242494	0.1831834627	0.01328410901	0.1086168475
41525.4512	0.03952652889	0.296415915	0.1055162635	0.379801709	0.005270203852	0.07034417565	0.03780718975	0.005270399038	0.03952459168	0.07081387896	0.2539973417	0.03787949259	0.1464963401
46924.43816	0.02758147034	0.3239973853	0.005645841877	0.3854475509	0.003677529379	0.003763894585	0.003720711982	0.003677595695	0.04320218738	0.003763965684	0.2577613074	0.003720780662	0.1502171207
53177.00247	0.04973453368	0.373731919	0.1041887192	0.4896362701	0.006631271157	0.06945914614	0.03804520865	0.00663166	0.04983384738	0.06991120648	0.3276725139	0.03811888887	0.1883360096
55610.95865	0.03243130016	0.4061632191	0.06735089411	0.5569871642	0.004324173354	0.04490059607	0.02461238471	0.004324281167	0.05415812855	0.04502188006	0.3726943939	0.02463229291	0.2129683025
60788.01502	0.06215956054	0.4683227797	0.06659114245	0.6235783066	0.008287941405	0.04439409497	0.02634101819	0.008288700595	0.06244682914	0.04451130784	0.4172057018	0.02636542778	0.2393337303
63917.39983	0.06727781196	0.5356005916	0.0507971438	0.6743754504	0.008970374929	0.03386476253	0.02141756873	0.008971337547	0.07141816669	0.03391668801	0.4511223898	0.02143068251	0.2607644128
64850.72419	0.01776924081	0.5533698324	0.04812473982	0.7225001903	0.002369232108	0.03208315988	0.01722619599	0.00236924984	0.07378741653	0.03212730115	0.4832496909	0.0172330165	0.2779974293
71405.85578	0.04148041487	0.5948502473	0	0.7225001903	0.005530721982	0	0.002765360991	0.00553094757	0.0793183641	0	0.4832496909	0.002765389188	0.2807628185
79211.87783	0.06224050206	0.6570907494	0.08606836184	0.8085685521	0.008298733608	0.05737890789	0.03283882075	0.008299495767	0.08761785987	0.05763279817	0.5408824891	0.03288616066	0.3136489792
81862.21419	0.07457036144	0.7316611108	0.008300591257	0.8168691434	0.009942714858	0.005533727505	0.007738221182	0.00994402572	0.09756188559	0.005533953461	0.5464164425	0.007738839091	0.3213878182
86355.40808	0.09547180857	0.8271329194	0.03361351136	0.8504826547	0.01272957448	0.02240900758	0.01756929103	0.01273232585	0.1102942114	0.02242402967	0.5688404722	0.01757652744	0.3389643457
96734.55045	0.05083371474	0.8779666341	0.02444044662	0.8749231013	0.006777828633	0.01629363108	0.01153572986	0.006778243834	0.1170724553	0.01629940232	0.5851398745	0.0115377773	0.350502123
97958.37774	0.0743701524	0.9523367865	0.05752653562	0.932449637	0.00991602032	0.03835102375	0.02413352203	0.009917320649	0.1269897759	0.03842649932	0.6235663739	0.02415228962	0.3746544126
98697.76028	0.04766321349	1	0.06755036304	1	0.006355095132	0.04503357536	0.02569433525	0.006355437384	0.1333452133	0.04515594368	0.6687223175	0.02571698898	0.4003714016
:chr 11
:ExpectedMaleRecPerMeiosisArm1 = 0.1333333333
:ExpectedMaleRecPerMeiosisArm2 = 0
:ExpectedFemaleRecPerMeiosisArm1 = 0.6666666667
:ExpectedFemaleRecPerMeiosisArm2 = 0
	male	male_accumulative	female	female_accumulative	Male_recombination_fraction	Female_recombination_fraction	Avg_recombination_fraction	Kosambi_male_interval	Kosambi_male_pos	Kosambi_female_interval	Kosambi_female_pos	Kosambi_both_interval	Kosambi_both_pos
1447.602083	0.04223471437	0.04223471437	0.06906774354	0.06906774354	0.005631295249	0.04604516236	0.0258382288	0.00563153337	0.00563153337	0.04617599268	0.04617599268	0.02586126568	0.02586126568
3757.308984	0.0848938504	0.1271285648	0.08157095032	0.1506386939	0.01131918005	0.05438063354	0.0328499068	0.01132111432	0.01695264769	0.05459659145	0.1007725841	0.03289729475	0.05875856043
9353.199186	0.05143871829	0.1785672831	0.04980057878	0.2004392726	0.006858495773	0.03320038585	0.02002944081	0.006858925977	0.02381157367	0.03324930953	0.1340218937	0.02004016498	0.07879872541
9764.304389	0.03848791997	0.217055203	0.02793922467	0.2283784973	0.005131722662	0.01862614978	0.01187893622	0.005131902863	0.02894347653	0.01863477301	0.1526566667	0.01188117195	0.09067989736
15132.21432	0.05253075431	0.2695859573	0.05278699416	0.2811654915	0.007004100575	0.03519132944	0.02109771501	0.007004558766	0.0359480353	0.03524961208	0.1879062788	0.02111024957	0.1117901469
15876.79103	0.02371132319	0.2932972805	0.06536198731	0.3465274788	0.003161509759	0.0435746582	0.02336808398	0.003161551893	0.03910958719	0.04368548022	0.231591759	0.02338512038	0.1351752673
17981.64044	0.1002502219	0.3935475024	0.08377892139	0.4303064002	0.01336669625	0.05585261426	0.03460965525	0.01336988189	0.05247946909	0.05608667991	0.2876784389	0.03466508993	0.1698403572
21357.31458	0.03758963733	0.4311371397	0.02547603618	0.4557824363	0.005011951644	0.01698402412	0.01099798788	0.005012119519	0.0574915886	0.01699056087	0.3046689997	0.01099976209	0.1808401193
24837.30517	0.06286379938	0.4940009391	0.06204159149	0.5178240278	0.008381839917	0.04136106099	0.02487145045	0.008382625207	0.06587421381	0.04145579413	0.3461247939	0.02489199457	0.2057321139
26414.9408	0.0962872057	0.5902881448	0.06869366062	0.5865176885	0.01283829409	0.04579577375	0.02931703392	0.01284111658	0.0787153304	0.04592448264	0.3920492765	0.02935070027	0.2350828142
34561.39426	0.08329080439	0.6735789492	0.03771107883	0.6242287673	0.01110544058	0.02514071922	0.0181230799	0.01110726732	0.08982259771	0.02516193853	0.4172112151	0.01813102277	0.2532138369
39816.46389	0.03068288195	0.7042618311	0.05230672465	0.6765354919	0.004091050926	0.03487114977	0.01948110035	0.004091142224	0.09391373994	0.03492785296	0.452139068	0.01949096712	0.2727048041
40340.03007	0.02304425238	0.7273060835	0.05151072514	0.7280462171	0.003072566984	0.03434048343	0.0187065252	0.003072605661	0.0969863456	0.03439463231	0.4865337003	0.01871526061	0.2914200647
50288.20343	0.0348572857	0.7621633692	0.007719579287	0.7357657964	0.004647638094	0.005146386191	0.004897012142	0.004647771956	0.1016341176	0.005146567941	0.4916802683	0.00489716873	0.2963172334
63760.53666	0.04968398134	0.8118473506	0.06925326615	0.8050190625	0.006624530846	0.0461688441	0.02639668747	0.006624918505	0.1082590361	0.04630073516	0.5379810034	0.02642125232	0.3227384857
70199.03132	0.08398490699	0.8958322576	0.02222921578	0.8272482783	0.0111979876	0.01481947719	0.01300873239	0.01119986039	0.1194588964	0.01482381895	0.5528048224	0.01301166883	0.3357501545
72028.09712	0.03056668049	0.9263989381	0.003988142801	0.8312364211	0.004075557399	0.002658761868	0.003367159633	0.004075647663	0.1235345441	0.002658786928	0.5554636093	0.003367210536	0.3391173651
74624.18767	0.02080264937	0.9472015874	0.09334469953	0.9245811206	0.002773686583	0.06222979969	0.03250174314	0.002773715035	0.1263082591	0.06255413667	0.618017746	0.03254763775	0.3716650028
87586.87623	0.02669337728	0.9738949647	0.06159147548	0.9861725961	0.00355911697	0.04106098365	0.02231005031	0.003559177085	0.1298674362	0.0411536643	0.6591714103	0.02232487411	0.3939898769
97787.2298	0.0261050353	1	0.0138274039	1	0.003480671373	0.009218269268	0.006349470321	0.003480727599	0.1333481638	0.009219313929	0.6683907242	0.006349811665	0.4003396886
:chr 12
:ExpectedMaleRecPerMeiosisArm1 = 0.1333333333
:ExpectedMaleRecPerMeiosisArm2 = 0
:ExpectedFemaleRecPerMeiosisArm1 = 0.6666666667
:ExpectedFemaleRecPerMeiosisArm2 = 0
	male	male_accumulative	female	female_accumulative	Male_recombination_fraction	Female_recombination_fraction	Avg_recombination_fraction	Kosambi_male_interval	Kosambi_male_pos	Kosambi_female_interval	Kosambi_female_pos	Kosambi_both_interval	Kosambi_both_pos
772.5690029	0.05722968075	0.05722968075	0.02527389906	0.02527389906	0.0076306241	0.01684926604	0.01223994507	0.007631216588	0.007631216588	0.01685564835	0.01685564835	0.01224239094	0.01224239094
16731.45411	0.03858119015	0.0958108709	0.04539430937	0.07066820844	0.005144158687	0.03026287291	0.0177035158	0.0051443402	0.01277555679	0.03029990901	0.04715555736	0.01771091942	0.02995331036
17638.95625	0.08305251607	0.178863387	0.061424829	0.1320930374	0.01107366881	0.040949886	0.0260117774	0.0110754799	0.02385103669	0.04104181436	0.08819737173	0.02603528211	0.05598859247
23604.64685	0.04457117322	0.2234345602	0.002319084164	0.1344121216	0.005942823096	0.00154605611	0.003744439603	0.005943102964	0.02979413966	0.001546061037	0.08974343277	0.003744509605	0.05973310208
25968.36617	0	0.2234345602	0.04986621121	0.1842783328	0	0.03324414081	0.0166220704	0	0.02979413966	0.03329325852	0.1230366913	0.01662819789	0.07636129997
31565.40735	0.02318738888	0.2466219491	0.03673607212	0.2210144049	0.00309165185	0.02449071475	0.0137911833	0.003091691252	0.03288583091	0.02451032887	0.1475470202	0.01379468228	0.09015598225
41066.92785	0.03916079977	0.2857827488	0.04866950622	0.2696839111	0.005221439969	0.03244633748	0.01883388872	0.005221629787	0.0381074607	0.03249199738	0.1800390175	0.01884280387	0.1089987861
42332.3713	0.07067566522	0.3564584141	0.0731083257	0.3427922368	0.00942342203	0.0487388838	0.02908115292	0.009424538012	0.04753199871	0.04889414082	0.2289331584	0.02911401207	0.1381127982
43344.36126	0.06286523316	0.4193236472	0.04034810784	0.3831403447	0.008382031088	0.02689873856	0.01764038482	0.008382816432	0.05591481514	0.02692473354	0.2558578919	0.01764770948	0.1557605077
50653.7372	0	0.4193236472	0.08190278532	0.46504313	0	0.05460185688	0.02730092844	0	0.05591481514	0.05482047388	0.3106783658	0.0273281084	0.1830886161
65106.46639	0.05253086472	0.4718545119	0.02742368982	0.4924668198	0.007004115296	0.01828245988	0.01264328759	0.007004573491	0.06291938863	0.01829061427	0.32896898	0.01264598338	0.1957345994
67824.12997	0.06255736666	0.5344118786	0.0845956389	0.5770624587	0.008340982221	0.0563970926	0.03236903741	0.008341756082	0.07126114471	0.05663810627	0.3856070863	0.0324143712	0.2281489706
70277.45287	0.01114729174	0.5455591703	0.0855459962	0.6626084549	0.001486305565	0.05703066413	0.02925848485	0.001486309943	0.07274745466	0.05727993558	0.4428870219	0.02929194961	0.2574409203
72185.63168	0.07948929859	0.6250484689	0.04358153051	0.7061899854	0.01059857315	0.02905435367	0.01982646341	0.01060016095	0.08334761561	0.02908712194	0.4719741438	0.01983686463	0.2772777849
79625.2427	0.08124852547	0.7062969944	0.01670599487	0.7228959803	0.01083313673	0.01113732991	0.01098523332	0.01083483233	0.09418244794	0.01113917243	0.4831133163	0.01098700136	0.2882647863
84753.03579	0.03071238847	0.7370093829	0.02505674505	0.7479527254	0.004094985129	0.0167044967	0.01039974092	0.004095076691	0.09827752463	0.01671071584	0.4998240321	0.01040124101	0.2986660273
90216.77523	0.08635107332	0.8233604562	0.07541878593	0.8233715113	0.01151347644	0.05027919062	0.03089633353	0.01151551206	0.1097930367	0.05044970053	0.5502737326	0.03093574804	0.3296017753
90882.1531	0.05487400594	0.8782344621	0.0410256741	0.8643971854	0.007316534125	0.0273504494	0.01733349176	0.007317056414	0.1171100931	0.02737777771	0.5776515103	0.01734044057	0.3469422159
90901.97397	0.07994773354	0.9581821957	0.05044183644	0.9148390218	0.01065969781	0.03362789096	0.02214379438	0.01066131325	0.1277714064	0.03367873248	0.6113302428	0.02215828899	0.3691005049
96305.32744	0.04181780434	1	0.08516097818	1	0.005575707245	0.05677398545	0.03117484635	0.005575938383	0.1333473447	0.0570198889	0.6683501317	0.03121533808	0.4003158429
:chr 13
:ExpectedMaleRecPerMeiosisArm1 = 0.1333333333
:ExpectedMaleRecPerMeiosisArm2 = 0
:ExpectedFemaleRecPerMeiosisArm1 = 0.6666666667
:ExpectedFemaleRecPerMeiosisArm2 = 0
	male	male_accumulative	female	female_accumulative	Male_recombination_fraction	Female_recombination_fraction	Avg_recombination_fraction	Kosambi_male_interval	Kosambi_male_pos	Kosambi_female_interval	Kosambi_female_pos	Kosambi_both_interval	Kosambi_both_pos
10797.12008	0.003684881077	0.003684881077	0.05586526952	0.05586526952	0.0004913174769	0.03724351301	0.01886741525	0.0004913176351	0.0004913176351	0.03731262283	0.03731262283	0.01887637812	0.01887637812
10811.40568	0.03800613627	0.04169101735	0.06247837703	0.1183436465	0.005067484836	0.04165225135	0.02335986809	0.005067658354	0.005558975989	0.04174900508	0.07906162791	0.02337688651	0.04225326463
14161.00334	0.08167206672	0.1233630841	0.04984633802	0.1681899846	0.0108896089	0.03323089201	0.02206025046	0.01089133116	0.01645030715	0.03327995092	0.1123415788	0.0220745815	0.06432784612
17164.66887	0.03728460307	0.1606476871	0.06052721544	0.2287172	0.00497128041	0.04035147696	0.02266137868	0.004971444231	0.02142175138	0.0404394235	0.1527810023	0.02267691448	0.0870047606
17394.66973	0.02327824316	0.1839259303	0.006467692927	0.2351848929	0.003103765755	0.004311795285	0.00370778052	0.003103805622	0.024525557	0.004311902174	0.1570929045	0.003707848486	0.09071260909
30165.8014	0.03628542116	0.2202113515	0.0584644175	0.2936493104	0.004838056155	0.03897627833	0.02190716724	0.004838207155	0.02936376415	0.03905551519	0.1961484197	0.02192120178	0.1126338109
30607.57803	0.06641108771	0.2866224392	0.07577275591	0.3694220663	0.008854811695	0.05051517061	0.02968499115	0.008855737583	0.03821950174	0.05068810257	0.2468365223	0.02971994293	0.1423537538
32532.26049	0.1109527037	0.3975751429	0.07117507064	0.440597137	0.01479369383	0.04745004709	0.03112187046	0.01479801297	0.0530175147	0.04759326728	0.2944297895	0.0311621558	0.1735159096
49284.40612	0.02295115876	0.4205263017	0.09326485774	0.5338619947	0.003060154502	0.06217657183	0.03261836317	0.003060192712	0.05607770741	0.06250007206	0.3569298616	0.03266475442	0.206180664
50494.8172	0.03373730484	0.4542636065	0	0.5338619947	0.004498307312	0	0.002249153656	0.004498428681	0.0605761361	0	0.3569298616	0.002249168826	0.2084298328
53667.73771	0.03860106951	0.492864676	0.04728260313	0.5811445979	0.005146809268	0.03152173542	0.01833427235	0.005146991063	0.06572312716	0.03156359612	0.3884934577	0.01834249629	0.2267723291
54098.97312	0.1091312023	0.6019958783	0.04631721056	0.6274618084	0.01455082697	0.03087814037	0.02271448367	0.01455493678	0.08027806394	0.03091748519	0.4194109429	0.02273012903	0.2495024582
68852.93054	0.04301421104	0.6450100893	0.03031191985	0.6577737283	0.005735228138	0.02020794656	0.01297158735	0.005735479689	0.08601354363	0.02021896021	0.4396299031	0.0129744987	0.2624769569
69860.41631	0.04017745592	0.6851875452	0.04242943854	0.7002031668	0.005356994123	0.02828629236	0.01682164324	0.005357199113	0.09137074274	0.0283165268	0.4679464299	0.0168279942	0.2793049511
72933.42336	0.07853383971	0.7637213849	0.05496909774	0.7551722645	0.01047117863	0.03664606516	0.02355862189	0.01047270986	0.1018434526	0.03671189513	0.504658325	0.0235760788	0.3028810299
82226.51834	0.05294724865	0.8166686336	0.07562840459	0.8308006691	0.007059633153	0.05041893639	0.02873928477	0.00706010233	0.1089035549	0.05059087785	0.5552492029	0.02877099714	0.331652027
83853.80356	0.04779191867	0.8644605523	0.02219679426	0.8529974634	0.006372255822	0.01479786284	0.01058505933	0.006372600856	0.1152761558	0.01480218563	0.5700513885	0.01058664107	0.3422386681
90350.45601	0.04418809927	0.9086486515	0.05868217029	0.9116796337	0.005891746569	0.03912144686	0.02250659671	0.005892019283	0.1211681751	0.03920157458	0.6092529631	0.02252181608	0.3647604842
94970.24644	0.07663702156	0.9852856731	0.06945161267	0.9811312463	0.01021826954	0.04630107511	0.02825967233	0.01021969246	0.1313878675	0.04643410659	0.6556870697	0.02828982137	0.3930503055
97337.54033	0.01471432692	1	0.01886875367	1	0.001961910256	0.01257916911	0.007270539683	0.001961920325	0.1333497879	0.01258182408	0.6682688938	0.007271052183	0.4003213577
:chr 14
:ExpectedMaleRecPerMeiosisArm1 = 0.1333333333
:ExpectedMaleRecPerMeiosisArm2 = 0
:ExpectedFemaleRecPerMeiosisArm1 = 0.6666666667
:ExpectedFemaleRecPerMeiosisArm2 = 0
	male	male_accumulative	female	female_accumulative	Male_recombination_fraction	Female_recombination_fraction	Avg_recombination_fraction	Kosambi_male_interval	Kosambi_male_pos	Kosambi_female_interval	Kosambi_female_pos	Kosambi_both_interval	Kosambi_both_pos
4738.827238	0.01252521862	0.01252521862	0.03078965167	0.03078965167	0.001670029149	0.02052643445	0.0110982318	0.001670035359	0.001670035359	0.02053797745	0.02053797745	0.01110005497	0.01110005497
7679.797246	0.02169080556	0.03421602417	0.06082080293	0.0916104546	0.002892107407	0.04054720196	0.02171965468	0.002892139662	0.004562175021	0.04063643788	0.06117441533	0.02173333164	0.03283338661
28919.60611	0.06535397799	0.09957000217	0.05680573361	0.1484161882	0.008713863733	0.03787048908	0.0232921764	0.008714746101	0.01327692112	0.03794315652	0.09911757185	0.02330904718	0.05614243379
29824.70054	0.04107901299	0.1406490152	0.08089730855	0.2293134968	0.005477201732	0.05393153903	0.02970437038	0.005477420834	0.01875434196	0.0541421658	0.1532597376	0.02973939076	0.08588182455
32168.39844	0.06884229261	0.2094913078	0.04163002334	0.2709435201	0.009178972348	0.02775334889	0.01846616062	0.009180003705	0.02793434566	0.02778190433	0.181041642	0.01847456342	0.104356388
38089.94742	0.04878734935	0.2582786571	0.05522289092	0.326166411	0.006504979914	0.03681526061	0.02166012026	0.00650534696	0.03443969262	0.03688200861	0.2179236506	0.02167368498	0.126030073
39588.46388	0.08572645131	0.3440051084	0.04522880965	0.3713952207	0.01143019351	0.03015253976	0.02079136664	0.01143218526	0.04587187788	0.03018917167	0.2481128223	0.0208033627	0.1468334357
45279.6471	0.08751830907	0.4315234175	0.03871026757	0.4101054882	0.01166910788	0.02580684505	0.01873797646	0.01167122718	0.05754310507	0.02582979799	0.2739426202	0.01874675603	0.1655801917
50259.03785	0.01299597414	0.4445193916	0.09590347992	0.5060089682	0.001732796552	0.06393565328	0.03283422492	0.001732803489	0.05927590855	0.06428758459	0.3382302048	0.03288154492	0.1984617366
50996.83616	0.03957628046	0.4840956721	0.06210558665	0.5681145548	0.005276837394	0.04140372443	0.02334028091	0.005277033319	0.06455294187	0.04149875183	0.3797289567	0.02335725652	0.2218189931
52570.99585	0.03325653318	0.5173522053	0.01529019324	0.583404748	0.004434204424	0.01019346216	0.007313833292	0.004434320678	0.06898726255	0.01019487474	0.3899238314	0.007314355002	0.2291333481
61091.10329	0.07529601216	0.5926482174	0.07716416907	0.6605689171	0.01003946829	0.05144277938	0.03074112384	0.0100408178	0.07902808035	0.05162545581	0.4415492872	0.03077994642	0.2599132945
62403.71794	0.1071433507	0.6997915681	0.03368674711	0.6942556642	0.01428578009	0.02245783141	0.01837180575	0.01428966932	0.09331774966	0.02247295198	0.4640222392	0.01838008033	0.2782933749
65493.42724	0.04683131474	0.7466228828	0.03928900857	0.7335446728	0.006244175298	0.02619267238	0.01621842384	0.00624449994	0.0995622496	0.02621667143	0.4902389106	0.0162241155	0.2945174904
65811.11949	0	0.7466228828	0.0335064012	0.767051074	0	0.0223376008	0.0111688004	0	0.0995622496	0.02235247963	0.5125913903	0.01117065858	0.305688149
74431.8608	0.08260356024	0.8292264431	0.0394568751	0.8065079491	0.01101380803	0.0263045834	0.01865919572	0.01101558991	0.1105778395	0.02632889172	0.538920282	0.01866786495	0.3243560139
75055.60795	0	0.8292264431	0.0299216838	0.8364296329	0	0.0199477892	0.009973894601	0	0.1105778395	0.01995838267	0.5588786647	0.009975217835	0.3343312317
75902.41487	0.01852374001	0.8477501831	0.03080950922	0.8672391421	0.002469832001	0.02053967281	0.01150475241	0.00246985209	0.1130476916	0.02055123818	0.5794299028	0.0115067834	0.3458380151
77861.18792	0.07951809215	0.9272682752	0.07476005746	0.9419991996	0.01060241229	0.04984003831	0.0302212253	0.01060400182	0.1236516934	0.05000610161	0.6294360044	0.03025810848	0.3760961236
90627.73868	0.07273172476	1	0.05800080042	1	0.009697563301	0.03866720028	0.02418238179	0.009698779556	0.133350473	0.03874456255	0.668180567	0.02420126371	0.4002973873
:chr 15
:ExpectedMaleRecPerMeiosisArm1 = 0.1333333333
:ExpectedMaleRecPerMeiosisArm2 = 0
:ExpectedFemaleRecPerMeiosisArm1 = 0.6666666667
:ExpectedFemaleRecPerMeiosisArm2 = 0
	male	male_accumulative	female	female_accumulative	Male_recombination_fraction	Female_recombination_fraction	Avg_recombination_fraction	Kosambi_male_interval	Kosambi_male_pos	Kosambi_female_interval	Kosambi_female_pos	Kosambi_both_interval	Kosambi_both_pos
10801.10404	0.01170762135	0.01170762135	0.0273614048	0.0273614048	0.00156101618	0.01824093654	0.009900976357	0.001561021251	0.001561021251	0.01824903546	0.01824903546	0.009902270777	0.009902270777
13559.96314	0.04564498109	0.05735260243	0	0.0273614048	0.006085997478	0	0.003042998739	0.006086298067	0.007647319318	0	0.01824903546	0.00304303631	0.01294530709
30654.48586	0.03316540214	0.09051800458	0.08929363749	0.1166550423	0.004422053619	0.05952909166	0.03197557264	0.00442216892	0.01206948824	0.05981278035	0.0780618158	0.03201927061	0.04496457769
31085.99872	0.05107303572	0.1415910403	0.07181979924	0.1884748415	0.006809738096	0.04787986616	0.02734480213	0.00681015919	0.01887964743	0.04802702831	0.1260888441	0.02737211349	0.07233669119
37048.03648	0.07329256475	0.2148836051	0.02153760544	0.210012447	0.009772341967	0.01435840363	0.0120653728	0.00977358658	0.02865323401	0.01436235249	0.1404511966	0.01206771548	0.08440440666
47439.22955	0.05255314194	0.267436747	0.08781328828	0.2978257353	0.007007085593	0.05854219218	0.03277463889	0.00700754437	0.03566077838	0.05881192781	0.1992631244	0.03282170129	0.117226108
48088.94244	0.03443901765	0.3018757646	0.07524065124	0.3730663865	0.00459186902	0.05016043416	0.02737615159	0.004591998121	0.0402527765	0.05032973383	0.2495928582	0.02740355711	0.1446296651
55085.70091	0.05420587062	0.3560816353	0.1155910306	0.4886574171	0.007227449416	0.0770606871	0.04214406826	0.007227952857	0.04748072936	0.07767968437	0.3272725426	0.0422442999	0.186873965
56450.87797	0.03453284569	0.390614481	0.04060037734	0.5292577945	0.004604379425	0.02706691823	0.01583564883	0.004604509584	0.05208523894	0.02709340443	0.3543659471	0.01584094678	0.2027149117
62969.20406	0.1084077261	0.4990222071	0.0613587404	0.5906165349	0.01445436348	0.04090582693	0.02768009521	0.01445839208	0.06654363102	0.0409974581	0.3953634051	0.02770842485	0.2304233366
66096.76031	0.06792879615	0.5669510032	0.03993823811	0.630554773	0.009057172819	0.02662549207	0.01784133244	0.009058163656	0.07560179467	0.02665070199	0.4220141071	0.01784891041	0.248272247
68478.35479	0.04846215282	0.615413156	0.06633786986	0.6968926428	0.006461620376	0.04422524657	0.02534343348	0.006461980131	0.0820637748	0.04434112292	0.4663552301	0.02536517076	0.2736374178
70276.90143	0.05677366696	0.672186823	0.08240577959	0.7792984224	0.007569822261	0.05493718639	0.03125350433	0.007570400698	0.0896341755	0.05515987582	0.5215151059	0.03129430381	0.3049317216
72717.29892	0.03935192278	0.7115387458	0.04134247573	0.8206408982	0.005246923038	0.02756165049	0.01640428676	0.005247115649	0.09488129115	0.02758961757	0.5491047234	0.01641017644	0.321341898
88375.23157	0.03565346613	0.7471922119	0.0166747075	0.8373156057	0.004753795485	0.01111647167	0.007935133575	0.004753938731	0.09963522988	0.01111830385	0.5602230273	0.007935799871	0.3292776979
90002.57835	0.07835935093	0.8255515629	0.04193802147	0.8792536271	0.01044791346	0.02795868098	0.01920329722	0.0104494345	0.1100846644	0.02798787572	0.588210903	0.01921274763	0.3484904455
93112.40324	0.03262424603	0.8581758089	0.01634600481	0.8955996319	0.004349899471	0.01089733654	0.007623618007	0.004350009219	0.1144346736	0.01089906248	0.5991099655	0.007624208865	0.3561146544
93633.95953	0.03860479453	0.8967806034	0.0291430312	0.9247426631	0.005147305937	0.01942868747	0.0122879967	0.005147487784	0.1195821614	0.01943847477	0.6185484403	0.0122904715	0.3684051259
95724.91664	0.06493501392	0.9617156173	0	0.9247426631	0.008658001856	0	0.004329000928	0.008658867362	0.1282410287	0	0.6185484403	0.004329109102	0.372734235
97248.73253	0.03828438266	1	0.07525733685	1	0.005104584355	0.0501715579	0.02763807113	0.005104761712	0.1333457905	0.05034097069	0.6688894109	0.02766627178	0.4004005068
