1	Fitness0	11[0]	11[0]	11[0]
1	Hybridindex	20[0]	20[0]	20[0]
1	Pref0	1[0]	1[0]	1[0]
1	Pref1	1[0]	1[0]	1[0]
1	Sex	0.47451[0.49935]	1[0]	0[0]
1	Signal0	16[0]	16[0]	16[0]
2	Fitness0	0[0]	0[0]	0[0]
2	Hybridindex	0[0]	0[0]	0[0]
2	Pref0	0[0]	0[0]	0[0]
2	Pref1	0[0]	0[0]	0[0]
2	Sex	0[0]	0[0]	0[0]
2	Signal0	0[0]	0[0]	0[0]
3	Fitness0	6.5615[3.43907]	6.58875[3.42285]	6.53251[3.45601]
3	Hybridindex	10.8165[2.49511]	10.8865[2.42906]	10.742[2.56142]
3	Pref0	0.55425[0.35026]	0.558196[0.349599]	0.550052[0.350913]
3	Pref1	0.487[0.345443]	0.483026[0.341806]	0.491228[0.349222]
3	Sex	0.5155[0.49976]	1[0]	0[0]
3	Signal0	8.4[2.54578]	8.50727[2.52258]	8.28586[2.56531]
