1	Fitness0	11[0]	11[0]	11[0]
1	Hybridindex	20[0]	20[0]	20[0]
1	Pref0	1[0]	1[0]	1[0]
1	Pref1	1[0]	1[0]	1[0]
1	Sex	0.503922[0.499985]	1[0]	0[0]
1	Signal0	16[0]	16[0]	16[0]
2	Fitness0	0[0]	0[0]	0[0]
2	Hybridindex	0[0]	0[0]	0[0]
2	Pref0	0[0]	0[0]	0[0]
2	Pref1	0[0]	0[0]	0[0]
2	Sex	0[0]	0[0]	0[0]
2	Signal0	0[0]	0[0]	0[0]
3	Fitness0	9.30175[2.51954]	9.40021[2.43312]	9.20866[2.59517]
3	Hybridindex	10.9583[1.72507]	10.9213[1.73108]	10.9932[1.71865]
3	Pref0	0.4835[0.346017]	0.483539[0.345066]	0.483463[0.346914]
3	Pref1	0.55375[0.352826]	0.562757[0.356699]	0.545233[0.34891]
3	Sex	0.486[0.499804]	1[0]	0[0]
3	Signal0	8.0645[2.31902]	8.11677[2.40177]	8.01508[2.23683]
