1	Fitness0	11[0]	11[0]	11[0]
1	Hybridindex	20[0]	20[0]	20[0]
1	Pref0	1[0]	1[0]	1[0]
1	Pref1	1[0]	1[0]	1[0]
1	Sex	0.490196[0.499904]	1[0]	0[0]
1	Signal0	16[0]	16[0]	16[0]
2	Fitness0	0[0]	0[0]	0[0]
2	Hybridindex	0[0]	0[0]	0[0]
2	Pref0	0[0]	0[0]	0[0]
2	Pref1	0[0]	0[0]	0[0]
2	Sex	0[0]	0[0]	0[0]
2	Signal0	0[0]	0[0]	0[0]
3	Fitness0	7.17575[3.37454]	7.20254[3.41092]	7.14975[3.33864]
3	Hybridindex	10.953[2.11543]	11.0599[2.09058]	10.8493[2.13416]
3	Pref0	0.56225[0.349643]	0.566497[0.35106]	0.558128[0.348212]
3	Pref1	0.52175[0.353415]	0.526396[0.350943]	0.517241[0.355739]
3	Sex	0.4925[0.499944]	1[0]	0[0]
3	Signal0	8.53875[2.28924]	8.54569[2.27343]	8.53202[2.30446]
