1	Fitness0	11[0]	11[0]	11[0]
1	Hybridindex	20[0]	20[0]	20[0]
1	Pref0	1[0]	1[0]	1[0]
1	Pref1	1[0]	1[0]	1[0]
1	Sex	0.494118[0.499965]	1[0]	0[0]
1	Signal0	16[0]	16[0]	16[0]
2	Fitness0	0[0]	0[0]	0[0]
2	Hybridindex	0[0]	0[0]	0[0]
2	Pref0	0[0]	0[0]	0[0]
2	Pref1	0[0]	0[0]	0[0]
2	Sex	0[0]	0[0]	0[0]
2	Signal0	0[0]	0[0]	0[0]
3	Fitness0	7.581[3.25095]	7.73258[3.22487]	7.42355[3.27039]
3	Hybridindex	10.8067[1.9935]	10.8759[1.99387]	10.735[1.99057]
3	Pref0	0.48675[0.358049]	0.494603[0.35885]	0.478593[0.357033]
3	Pref1	0.5045[0.347102]	0.502453[0.344227]	0.506626[0.35005]
3	Sex	0.5095[0.49991]	1[0]	0[0]
3	Signal0	8.35025[2.30026]	8.41168[2.33421]	8.28644[2.26269]
