1	Fitness0	11[0]	11[0]	11[0]
1	Hybridindex	20[0]	20[0]	20[0]
1	Pref0	1[0]	1[0]	1[0]
1	Pref1	1[0]	1[0]	1[0]
1	Sex	0.519608[0.499615]	1[0]	0[0]
1	Signal0	16[0]	16[0]	16[0]
2	Fitness0	0[0]	0[0]	0[0]
2	Hybridindex	0[0]	0[0]	0[0]
2	Pref0	0[0]	0[0]	0[0]
2	Pref1	0[0]	0[0]	0[0]
2	Sex	0[0]	0[0]	0[0]
2	Signal0	0[0]	0[0]	0[0]
3	Fitness0	7.47575[3.34728]	7.4609[3.36272]	7.4913[3.33097]
3	Hybridindex	10.7475[1.92989]	10.7659[1.89785]	10.7282[1.9627]
3	Pref0	0.44825[0.354538]	0.460411[0.351851]	0.435517[0.356885]
3	Pref1	0.483[0.353144]	0.473607[0.352047]	0.492835[0.354023]
3	Sex	0.5115[0.499868]	1[0]	0[0]
3	Signal0	8.197[2.28324]	8.23265[2.27542]	8.15967[2.29081]
