1	Fitness0	11[0]	11[0]	11[0]
1	Hybridindex	20[0]	20[0]	20[0]
1	Pref0	1[0]	1[0]	1[0]
1	Pref1	1[0]	1[0]	1[0]
1	Sex	0.456863[0.498136]	1[0]	0[0]
1	Signal0	16[0]	16[0]	16[0]
2	Fitness0	0[0]	0[0]	0[0]
2	Hybridindex	0[0]	0[0]	0[0]
2	Pref0	0[0]	0[0]	0[0]
2	Pref1	0[0]	0[0]	0[0]
2	Sex	0[0]	0[0]	0[0]
2	Signal0	0[0]	0[0]	0[0]
3	Fitness0	6.38225[3.5402]	6.43209[3.58602]	6.33079[3.49151]
3	Hybridindex	10.9085[3.769]	10.9626[3.83674]	10.8526[3.69693]
3	Pref0	0.54025[0.350364]	0.541339[0.352527]	0.539126[0.348113]
3	Pref1	0.53275[0.346846]	0.528543[0.345346]	0.537093[0.348335]
3	Sex	0.508[0.499936]	1[0]	0[0]
3	Signal0	8.58675[3.18702]	8.60433[3.22231]	8.5686[3.15006]
