1	Fitness0	11[0]	11[0]	11[0]
1	Hybridindex	20[0]	20[0]	20[0]
1	Pref0	1[0]	1[0]	1[0]
1	Pref1	1[0]	1[0]	1[0]
1	Sex	0.517647[0.499688]	1[0]	0[0]
1	Signal0	16[0]	16[0]	16[0]
2	Fitness0	0[0]	0[0]	0[0]
2	Hybridindex	0[0]	0[0]	0[0]
2	Pref0	0[0]	0[0]	0[0]
2	Pref1	0[0]	0[0]	0[0]
2	Sex	0[0]	0[0]	0[0]
2	Signal0	0[0]	0[0]	0[0]
3	Fitness0	8.11525[3.08842]	8.13403[3.09303]	8.09606[3.08358]
3	Hybridindex	10.782[1.92898]	10.7671[1.94532]	10.7973[1.91202]
3	Pref0	0.479[0.350441]	0.487636[0.35035]	0.470172[0.350314]
3	Pref1	0.5065[0.351366]	0.497527[0.348437]	0.515672[0.354099]
3	Sex	0.5055[0.49997]	1[0]	0[0]
3	Signal0	8.29[2.24581]	8.28536[2.22419]	8.29474[2.26769]
