1	Fitness0	11[0]	11[0]	11[0]
1	Hybridindex	20[0]	20[0]	20[0]
1	Pref0	1[0]	1[0]	1[0]
1	Pref1	1[0]	1[0]	1[0]
1	Sex	0.507843[0.499938]	1[0]	0[0]
1	Signal0	16[0]	16[0]	16[0]
2	Fitness0	0[0]	0[0]	0[0]
2	Hybridindex	0[0]	0[0]	0[0]
2	Pref0	0[0]	0[0]	0[0]
2	Pref1	0[0]	0[0]	0[0]
2	Sex	0[0]	0[0]	0[0]
2	Signal0	0[0]	0[0]	0[0]
3	Fitness0	8.6465[2.80402]	8.68908[2.79817]	8.60485[2.80911]
3	Hybridindex	10.991[1.89662]	10.9398[1.87869]	11.041[1.91267]
3	Pref0	0.499[0.348925]	0.496967[0.345403]	0.500989[0.352326]
3	Pref1	0.52225[0.353384]	0.5273[0.352318]	0.51731[0.354353]
3	Sex	0.4945[0.49997]	1[0]	0[0]
3	Signal0	8.277[2.38365]	8.43023[2.38002]	8.1271[2.37765]
