1	Fitness0	11[0]	11[0]	11[0]
1	Hybridindex	20[0]	20[0]	20[0]
1	Pref0	1[0]	1[0]	1[0]
1	Pref1	1[0]	1[0]	1[0]
1	Sex	0.507843[0.499938]	1[0]	0[0]
1	Signal0	16[0]	16[0]	16[0]
2	Fitness0	0[0]	0[0]	0[0]
2	Hybridindex	0[0]	0[0]	0[0]
2	Pref0	0[0]	0[0]	0[0]
2	Pref1	0[0]	0[0]	0[0]
2	Sex	0[0]	0[0]	0[0]
2	Signal0	0[0]	0[0]	0[0]
3	Fitness0	9.04225[2.68995]	8.82401[2.87074]	9.2532[2.48467]
3	Hybridindex	10.8818[1.77338]	10.9171[1.80256]	10.8476[1.74404]
3	Pref0	0.49725[0.354073]	0.504578[0.357636]	0.490167[0.350448]
3	Pref1	0.5105[0.352335]	0.528993[0.351459]	0.492625[0.352257]
3	Sex	0.4915[0.499928]	1[0]	0[0]
3	Signal0	8.01475[2.35598]	8.07986[2.3451]	7.95182[2.36476]
