1	Fitness0	11[0]	11[0]	11[0]
1	Hybridindex	20[0]	20[0]	20[0]
1	Pref0	1[0]	1[0]	1[0]
1	Pref1	1[0]	1[0]	1[0]
1	Sex	0.482353[0.499688]	1[0]	0[0]
1	Signal0	16[0]	16[0]	16[0]
2	Fitness0	0[0]	0[0]	0[0]
2	Hybridindex	0[0]	0[0]	0[0]
2	Pref0	0[0]	0[0]	0[0]
2	Pref1	0[0]	0[0]	0[0]
2	Sex	0[0]	0[0]	0[0]
2	Signal0	0[0]	0[0]	0[0]
3	Fitness0	8.95275[2.64507]	9.0233[2.6467]	8.88401[2.64167]
3	Hybridindex	10.712[1.79034]	10.7011[1.82458]	10.7226[1.75626]
3	Pref0	0.566[0.342263]	0.575988[0.338811]	0.556269[0.345315]
3	Pref1	0.5025[0.35566]	0.487335[0.352429]	0.517275[0.358162]
3	Sex	0.4935[0.499958]	1[0]	0[0]
3	Signal0	8.3995[2.3186]	8.45542[2.31138]	8.34501[2.32431]
