1	Fitness0	11[0]	11[0]	11[0]
1	Hybridindex	20[0]	20[0]	20[0]
1	Pref0	1[0]	1[0]	1[0]
1	Pref1	1[0]	1[0]	1[0]
1	Sex	0.5[0.5]	1[0]	0[0]
1	Signal0	16[0]	16[0]	16[0]
2	Fitness0	0[0]	0[0]	0[0]
2	Hybridindex	0[0]	0[0]	0[0]
2	Pref0	0[0]	0[0]	0[0]
2	Pref1	0[0]	0[0]	0[0]
2	Sex	0[0]	0[0]	0[0]
2	Signal0	0[0]	0[0]	0[0]
3	Fitness0	9.1235[2.60106]	9.16486[2.6145]	9.08105[2.5865]
3	Hybridindex	10.657[1.75666]	10.6673[1.71728]	10.6464[1.79612]
3	Pref0	0.5315[0.353211]	0.536032[0.351186]	0.526849[0.355217]
3	Pref1	0.53175[0.356885]	0.528134[0.359538]	0.535461[0.354103]
3	Sex	0.5065[0.499958]	1[0]	0[0]
3	Signal0	8.2625[2.25091]	8.27493[2.29246]	8.24975[2.20738]
