1	Fitness0	0[0]	0[0]	0[0]
1	Hybridindex	0[0]	0[0]	0[0]
1	Pref0	0[0]	0[0]	0[0]
1	Pref1	0[0]	0[0]	0[0]
1	Sex	0[0]	0[0]	0[0]
1	Signal0	0[0]	0[0]	0[0]
2	Fitness0	0[0]	0[0]	0[0]
2	Hybridindex	0[0]	0[0]	0[0]
2	Pref0	0[0]	0[0]	0[0]
2	Pref1	0[0]	0[0]	0[0]
2	Sex	0[0]	0[0]	0[0]
2	Signal0	0[0]	0[0]	0[0]
3	Fitness0	8.83625[2.849]	8.78968[2.87313]	8.88357[2.82349]
3	Hybridindex	16.8693[1.571]	16.87[1.59363]	16.8684[1.54766]
3	Pref0	0.8125[0.272202]	0.816468[0.267348]	0.808468[0.276989]
3	Pref1	0.8185[0.271676]	0.828373[0.267833]	0.808468[0.275163]
3	Sex	0.504[0.499984]	1[0]	0[0]
3	Signal0	0.9915[0.0646355]	0.989583[0.0714131]	0.993448[0.0568619]
