1	Fitness0	0[0]	0[0]	0[0]
1	Hybridindex	0[0]	0[0]	0[0]
1	Pref0	0[0]	0[0]	0[0]
1	Pref1	0[0]	0[0]	0[0]
1	Sex	0[0]	0[0]	0[0]
1	Signal0	0[0]	0[0]	0[0]
2	Fitness0	0[0]	0[0]	0[0]
2	Hybridindex	0[0]	0[0]	0[0]
2	Pref0	0[0]	0[0]	0[0]
2	Pref1	0[0]	0[0]	0[0]
2	Sex	0[0]	0[0]	0[0]
2	Signal0	0[0]	0[0]	0[0]
3	Fitness0	9.9825[1.96601]	9.95791[2.01286]	10.0058[1.92018]
3	Hybridindex	17.171[1.19646]	17.2331[1.19121]	17.1121[1.19844]
3	Pref0	0.87125[0.237273]	0.862423[0.244161]	0.87963[0.230231]
3	Pref1	0.71225[0.316741]	0.723306[0.317493]	0.701754[0.315668]
3	Sex	0.487[0.499831]	1[0]	0[0]
3	Signal0	1[0]	1[0]	1[0]
