1	Fitness0	0[0]	0[0]	0[0]
1	Hybridindex	0[0]	0[0]	0[0]
1	Pref0	0[0]	0[0]	0[0]
1	Pref1	0[0]	0[0]	0[0]
1	Sex	0[0]	0[0]	0[0]
1	Signal0	0[0]	0[0]	0[0]
2	Fitness0	0[0]	0[0]	0[0]
2	Hybridindex	0[0]	0[0]	0[0]
2	Pref0	0[0]	0[0]	0[0]
2	Pref1	0[0]	0[0]	0[0]
2	Sex	0[0]	0[0]	0[0]
2	Signal0	0[0]	0[0]	0[0]
3	Fitness0	9.203[2.56184]	9.28814[2.50189]	9.11735[2.61798]
3	Hybridindex	16.934[1.35311]	16.9467[1.32895]	16.9213[1.37686]
3	Pref0	0.80325[0.279579]	0.797607[0.282268]	0.808927[0.276731]
3	Pref1	0.80025[0.285876]	0.793121[0.290807]	0.807422[0.280645]
3	Sex	0.5015[0.499998]	1[0]	0[0]
3	Signal0	1[0]	1[0]	1[0]
