1	Fitness0	0[0]	0[0]	0[0]
1	Hybridindex	0[0]	0[0]	0[0]
1	Pref0	0[0]	0[0]	0[0]
1	Pref1	0[0]	0[0]	0[0]
1	Sex	0[0]	0[0]	0[0]
1	Signal0	0[0]	0[0]	0[0]
2	Fitness0	0[0]	0[0]	0[0]
2	Hybridindex	0[0]	0[0]	0[0]
2	Pref0	0[0]	0[0]	0[0]
2	Pref1	0[0]	0[0]	0[0]
2	Sex	0[0]	0[0]	0[0]
2	Signal0	0[0]	0[0]	0[0]
3	Fitness0	9.29575[2.5118]	9.35262[2.53291]	9.23956[2.48949]
3	Hybridindex	16.8075[1.37539]	16.7787[1.36969]	16.836[1.3804]
3	Pref0	0.826[0.267346]	0.836519[0.262867]	0.815606[0.271299]
3	Pref1	0.804[0.283873]	0.811871[0.275272]	0.796223[0.291915]
3	Sex	0.497[0.499991]	1[0]	0[0]
3	Signal0	1[0]	1[0]	1[0]
