1	Fitness0	0[0]	0[0]	0[0]
1	Hybridindex	0[0]	0[0]	0[0]
1	Pref0	0[0]	0[0]	0[0]
1	Pref1	0[0]	0[0]	0[0]
1	Sex	0[0]	0[0]	0[0]
1	Signal0	0[0]	0[0]	0[0]
2	Fitness0	0[0]	0[0]	0[0]
2	Hybridindex	0[0]	0[0]	0[0]
2	Pref0	0[0]	0[0]	0[0]
2	Pref1	0[0]	0[0]	0[0]
2	Sex	0[0]	0[0]	0[0]
2	Signal0	0[0]	0[0]	0[0]
3	Fitness0	9.2995[2.51854]	9.29563[2.49032]	9.30361[2.54816]
3	Hybridindex	16.8885[1.34789]	16.885[1.34782]	16.8923[1.34796]
3	Pref0	0.832[0.264624]	0.834466[0.258874]	0.829381[0.270571]
3	Pref1	0.7795[0.290912]	0.787379[0.288848]	0.771134[0.292856]
3	Sex	0.515[0.499775]	1[0]	0[0]
3	Signal0	1[0]	1[0]	1[0]
