1	Fitness0	0[0]	0[0]	0[0]
1	Hybridindex	0[0]	0[0]	0[0]
1	Pref0	0[0]	0[0]	0[0]
1	Pref1	0[0]	0[0]	0[0]
1	Sex	0[0]	0[0]	0[0]
1	Signal0	0[0]	0[0]	0[0]
2	Fitness0	0[0]	0[0]	0[0]
2	Hybridindex	0[0]	0[0]	0[0]
2	Pref0	0[0]	0[0]	0[0]
2	Pref1	0[0]	0[0]	0[0]
2	Sex	0[0]	0[0]	0[0]
2	Signal0	0[0]	0[0]	0[0]
3	Fitness0	8.364[3.23118]	8.38138[3.21427]	8.34665[3.24787]
3	Hybridindex	15.603[3.87939]	15.5516[3.8507]	15.6543[3.90713]
3	Pref0	0.76075[0.316045]	0.757758[0.319342]	0.763736[0.312691]
3	Pref1	0.77225[0.304967]	0.77027[0.300195]	0.774226[0.309644]
3	Sex	0.4995[0.5]	1[0]	0[0]
3	Signal0	0.82075[0.284156]	0.817317[0.283709]	0.824176[0.284559]
