1	Fitness0	0[0]	0[0]	0[0]
1	Hybridindex	0[0]	0[0]	0[0]
1	Pref0	0[0]	0[0]	0[0]
1	Pref1	0[0]	0[0]	0[0]
1	Sex	0[0]	0[0]	0[0]
1	Signal0	0[0]	0[0]	0[0]
2	Fitness0	0[0]	0[0]	0[0]
2	Hybridindex	0[0]	0[0]	0[0]
2	Pref0	0[0]	0[0]	0[0]
2	Pref1	0[0]	0[0]	0[0]
2	Sex	0[0]	0[0]	0[0]
2	Signal0	0[0]	0[0]	0[0]
3	Fitness0	9.429[2.39311]	9.49412[2.40923]	9.36122[2.37432]
3	Hybridindex	16.8725[1.31757]	16.9074[1.30778]	16.8362[1.32671]
3	Pref0	0.82275[0.27241]	0.813725[0.277609]	0.832143[0.266568]
3	Pref1	0.75675[0.305703]	0.757843[0.303068]	0.755612[0.308418]
3	Sex	0.51[0.4999]	1[0]	0[0]
3	Signal0	1[0]	1[0]	1[0]
