1	Fitness0	0[0]	0[0]	0[0]
1	Hybridindex	0[0]	0[0]	0[0]
1	Pref0	0[0]	0[0]	0[0]
1	Pref1	0[0]	0[0]	0[0]
1	Sex	0[0]	0[0]	0[0]
1	Signal0	0[0]	0[0]	0[0]
2	Fitness0	0[0]	0[0]	0[0]
2	Hybridindex	0[0]	0[0]	0[0]
2	Pref0	0[0]	0[0]	0[0]
2	Pref1	0[0]	0[0]	0[0]
2	Sex	0[0]	0[0]	0[0]
2	Signal0	0[0]	0[0]	0[0]
3	Fitness0	9.37475[2.55097]	9.35394[2.56469]	9.39569[2.53692]
3	Hybridindex	16.9905[1.29862]	16.9671[1.27144]	17.014[1.32498]
3	Pref0	0.804[0.286503]	0.813061[0.284528]	0.794885[0.288189]
3	Pref1	0.732[0.309719]	0.730309[0.310659]	0.733701[0.308761]
3	Sex	0.5015[0.499998]	1[0]	0[0]
3	Signal0	1[0]	1[0]	1[0]
