1	Fitness0	0[0]	0[0]	0[0]
1	Hybridindex	0[0]	0[0]	0[0]
1	Pref0	0[0]	0[0]	0[0]
1	Pref1	0[0]	0[0]	0[0]
1	Sex	0[0]	0[0]	0[0]
1	Signal0	0[0]	0[0]	0[0]
2	Fitness0	0[0]	0[0]	0[0]
2	Hybridindex	0[0]	0[0]	0[0]
2	Pref0	0[0]	0[0]	0[0]
2	Pref1	0[0]	0[0]	0[0]
2	Sex	0[0]	0[0]	0[0]
2	Signal0	0[0]	0[0]	0[0]
3	Fitness0	9.44175[2.44192]	9.30287[2.5673]	9.56516[2.31787]
3	Hybridindex	17.011[1.25385]	17.0244[1.24601]	16.9991[1.26065]
3	Pref0	0.8155[0.267787]	0.828905[0.25659]	0.803588[0.276813]
3	Pref1	0.727[0.317759]	0.718916[0.325017]	0.734183[0.310992]
3	Sex	0.4705[0.499129]	1[0]	0[0]
3	Signal0	1[0]	1[0]	1[0]
