1	Fitness0	0[0]	0[0]	0[0]
1	Hybridindex	0[0]	0[0]	0[0]
1	Pref0	0[0]	0[0]	0[0]
1	Pref1	0[0]	0[0]	0[0]
1	Sex	0[0]	0[0]	0[0]
1	Signal0	0[0]	0[0]	0[0]
2	Fitness0	0[0]	0[0]	0[0]
2	Hybridindex	0[0]	0[0]	0[0]
2	Pref0	0[0]	0[0]	0[0]
2	Pref1	0[0]	0[0]	0[0]
2	Sex	0[0]	0[0]	0[0]
2	Signal0	0[0]	0[0]	0[0]
3	Fitness0	9.4055[2.47817]	9.38535[2.47976]	9.42525[2.47644]
3	Hybridindex	17.0605[1.20337]	17.0475[1.20971]	17.0733[1.19698]
3	Pref0	0.856[0.25202]	0.864141[0.243038]	0.84802[0.260276]
3	Pref1	0.734[0.31264]	0.730303[0.314612]	0.737624[0.310653]
3	Sex	0.495[0.499975]	1[0]	0[0]
3	Signal0	1[0]	1[0]	1[0]
