1	Fitness0	0[0]	0[0]	0[0]
1	Hybridindex	0[0]	0[0]	0[0]
1	Pref0	0[0]	0[0]	0[0]
1	Pref1	0[0]	0[0]	0[0]
1	Sex	0[0]	0[0]	0[0]
1	Signal0	0[0]	0[0]	0[0]
2	Fitness0	0[0]	0[0]	0[0]
2	Hybridindex	0[0]	0[0]	0[0]
2	Pref0	0[0]	0[0]	0[0]
2	Pref1	0[0]	0[0]	0[0]
2	Sex	0[0]	0[0]	0[0]
2	Signal0	0[0]	0[0]	0[0]
3	Fitness0	9.92575[2.04264]	9.85455[2.12573]	9.99554[1.95525]
3	Hybridindex	17.018[1.23791]	17.0152[1.22959]	17.0208[1.24601]
3	Pref0	0.85325[0.250179]	0.866162[0.244157]	0.840594[0.255311]
3	Pref1	0.71575[0.316744]	0.693434[0.325991]	0.737624[0.305835]
3	Sex	0.495[0.499975]	1[0]	0[0]
3	Signal0	1[0]	1[0]	1[0]
